 DDSCAT --- DDSCAT 7.1.0 [10.03.03]   
 TARGET --- Cyl.prism, NAT=   2640 NFAC=  80 NLAY=  33 asp.ratio= 3.2697      
 GPFAFT --- method of solution 
 GKDLDR --- prescription for polarizabilities
 CYLINDER1 --- shape 
   2640 = NAT0 = number of dipoles
 ../diel/Au_rod_in_water                                     
   0.000   0.000 = beta_min, beta_max ;  NBETA = 1
  90.000  90.000 = theta_min, theta_max; NTHETA= 1
  90.000  90.000 = phi_min, phi_max   ;   NPHI = 1
 Results averaged over    1 target orientations
                   and  1 incident polarizations
   aeff       wave      Q_pha
1.7100E-02 2.9712E-01 -2.7813E-01
1.7100E-02 2.9789E-01 -2.7758E-01
1.7100E-02 2.9865E-01 -2.7707E-01
1.7100E-02 2.9942E-01 -2.7660E-01
1.7100E-02 3.0019E-01 -2.7616E-01
1.7100E-02 3.0096E-01 -2.7573E-01
1.7100E-02 3.0172E-01 -2.7529E-01
1.7100E-02 3.0249E-01 -2.7485E-01
1.7100E-02 3.0326E-01 -2.7439E-01
1.7100E-02 3.0402E-01 -2.7389E-01
1.7100E-02 3.0479E-01 -2.7334E-01
1.7100E-02 3.0556E-01 -2.7273E-01
1.7100E-02 3.0633E-01 -2.7205E-01
1.7100E-02 3.0709E-01 -2.7129E-01
1.7100E-02 3.0786E-01 -2.7045E-01
1.7100E-02 3.0863E-01 -2.6955E-01
1.7100E-02 3.0939E-01 -2.6859E-01
1.7100E-02 3.1016E-01 -2.6760E-01
1.7100E-02 3.1093E-01 -2.6658E-01
1.7100E-02 3.1170E-01 -2.6555E-01
1.7100E-02 3.1246E-01 -2.6453E-01
1.7100E-02 3.1323E-01 -2.6353E-01
1.7100E-02 3.1400E-01 -2.6255E-01
1.7100E-02 3.1477E-01 -2.6160E-01
1.7100E-02 3.1553E-01 -2.6073E-01
1.7100E-02 3.1630E-01 -2.5991E-01
1.7100E-02 3.1707E-01 -2.5917E-01
1.7100E-02 3.1783E-01 -2.5854E-01
1.7100E-02 3.1860E-01 -2.5801E-01
1.7100E-02 3.1937E-01 -2.5760E-01
1.7100E-02 3.2014E-01 -2.5732E-01
1.7100E-02 3.2090E-01 -2.5717E-01
1.7100E-02 3.2167E-01 -2.5715E-01
1.7100E-02 3.2244E-01 -2.5722E-01
1.7100E-02 3.2320E-01 -2.5740E-01
1.7100E-02 3.2397E-01 -2.5765E-01
1.7100E-02 3.2474E-01 -2.5797E-01
1.7100E-02 3.2551E-01 -2.5835E-01
1.7100E-02 3.2627E-01 -2.5877E-01
1.7100E-02 3.2704E-01 -2.5921E-01
1.7100E-02 3.2781E-01 -2.5966E-01
1.7100E-02 3.2857E-01 -2.6012E-01
1.7100E-02 3.2934E-01 -2.6057E-01
1.7100E-02 3.3011E-01 -2.6100E-01
1.7100E-02 3.3088E-01 -2.6139E-01
1.7100E-02 3.3164E-01 -2.6173E-01
1.7100E-02 3.3241E-01 -2.6202E-01
1.7100E-02 3.3318E-01 -2.6224E-01
1.7100E-02 3.3394E-01 -2.6238E-01
1.7100E-02 3.3471E-01 -2.6242E-01
1.7100E-02 3.3548E-01 -2.6234E-01
1.7100E-02 3.3625E-01 -2.6216E-01
1.7100E-02 3.3701E-01 -2.6188E-01
1.7100E-02 3.3778E-01 -2.6151E-01
1.7100E-02 3.3855E-01 -2.6108E-01
1.7100E-02 3.3931E-01 -2.6059E-01
1.7100E-02 3.4008E-01 -2.6006E-01
1.7100E-02 3.4085E-01 -2.5952E-01
1.7100E-02 3.4162E-01 -2.5897E-01
1.7100E-02 3.4238E-01 -2.5843E-01
1.7100E-02 3.4315E-01 -2.5791E-01
1.7100E-02 3.4392E-01 -2.5743E-01
1.7100E-02 3.4468E-01 -2.5701E-01
1.7100E-02 3.4545E-01 -2.5665E-01
1.7100E-02 3.4622E-01 -2.5638E-01
1.7100E-02 3.4699E-01 -2.5620E-01
1.7100E-02 3.4775E-01 -2.5613E-01
1.7100E-02 3.4852E-01 -2.5619E-01
1.7100E-02 3.4929E-01 -2.5638E-01
1.7100E-02 3.5006E-01 -2.5673E-01
1.7100E-02 3.5082E-01 -2.5723E-01
1.7100E-02 3.5159E-01 -2.5792E-01
1.7100E-02 3.5236E-01 -2.5878E-01
1.7100E-02 3.5312E-01 -2.5983E-01
1.7100E-02 3.5389E-01 -2.6107E-01
1.7100E-02 3.5466E-01 -2.6249E-01
1.7100E-02 3.5543E-01 -2.6412E-01
1.7100E-02 3.5619E-01 -2.6595E-01
1.7100E-02 3.5696E-01 -2.6798E-01
1.7100E-02 3.5773E-01 -2.7025E-01
1.7100E-02 3.5849E-01 -2.7271E-01
1.7100E-02 3.5926E-01 -2.7537E-01
1.7100E-02 3.6003E-01 -2.7825E-01
1.7100E-02 3.6080E-01 -2.8135E-01
1.7100E-02 3.6156E-01 -2.8468E-01
1.7100E-02 3.6233E-01 -2.8828E-01
1.7100E-02 3.6310E-01 -2.9209E-01
1.7100E-02 3.6386E-01 -2.9612E-01
1.7100E-02 3.6463E-01 -3.0039E-01
1.7100E-02 3.6540E-01 -3.0490E-01
1.7100E-02 3.6617E-01 -3.0967E-01
1.7100E-02 3.6693E-01 -3.1476E-01
1.7100E-02 3.6770E-01 -3.2007E-01
1.7100E-02 3.6847E-01 -3.2563E-01
1.7100E-02 3.6923E-01 -3.3147E-01
1.7100E-02 3.7000E-01 -3.3759E-01
1.7100E-02 3.7077E-01 -3.4401E-01
1.7100E-02 3.7154E-01 -3.5070E-01
1.7100E-02 3.7230E-01 -3.5773E-01
1.7100E-02 3.7307E-01 -3.6496E-01
1.7100E-02 3.7384E-01 -3.7237E-01
1.7100E-02 3.7460E-01 -3.7998E-01
1.7100E-02 3.7537E-01 -3.8778E-01
1.7100E-02 3.7614E-01 -3.9574E-01
1.7100E-02 3.7691E-01 -4.0394E-01
1.7100E-02 3.7767E-01 -4.1224E-01
1.7100E-02 3.7844E-01 -4.2060E-01
1.7100E-02 3.7921E-01 -4.2907E-01
1.7100E-02 3.7997E-01 -4.3762E-01
1.7100E-02 3.8074E-01 -4.4634E-01
1.7100E-02 3.8151E-01 -4.5506E-01
1.7100E-02 3.8228E-01 -4.6378E-01
1.7100E-02 3.8304E-01 -4.7253E-01
1.7100E-02 3.8381E-01 -4.8128E-01
1.7100E-02 3.8458E-01 -4.9002E-01
1.7100E-02 3.8535E-01 -4.9884E-01
1.7100E-02 3.8611E-01 -5.0757E-01
1.7100E-02 3.8688E-01 -5.1619E-01
1.7100E-02 3.8765E-01 -5.2474E-01
1.7100E-02 3.8841E-01 -5.3319E-01
1.7100E-02 3.8918E-01 -5.4164E-01
1.7100E-02 3.8995E-01 -5.4991E-01
1.7100E-02 3.9072E-01 -5.5801E-01
1.7100E-02 3.9148E-01 -5.6599E-01
1.7100E-02 3.9225E-01 -5.7385E-01
1.7100E-02 3.9302E-01 -5.8170E-01
1.7100E-02 3.9378E-01 -5.8940E-01
1.7100E-02 3.9455E-01 -5.9697E-01
1.7100E-02 3.9532E-01 -6.0446E-01
1.7100E-02 3.9609E-01 -6.1185E-01
1.7100E-02 3.9685E-01 -6.1926E-01
1.7100E-02 3.9762E-01 -6.2657E-01
1.7100E-02 3.9839E-01 -6.3376E-01
1.7100E-02 3.9915E-01 -6.4092E-01
1.7100E-02 3.9992E-01 -6.4802E-01
1.7100E-02 4.0069E-01 -6.5518E-01
1.7100E-02 4.0146E-01 -6.6227E-01
1.7100E-02 4.0222E-01 -6.6931E-01
1.7100E-02 4.0299E-01 -6.7634E-01
1.7100E-02 4.0376E-01 -6.8345E-01
1.7100E-02 4.0452E-01 -6.9054E-01
1.7100E-02 4.0529E-01 -6.9760E-01
1.7100E-02 4.0606E-01 -7.0471E-01
1.7100E-02 4.0683E-01 -7.1185E-01
1.7100E-02 4.0759E-01 -7.1902E-01
1.7100E-02 4.0836E-01 -7.2634E-01
1.7100E-02 4.0913E-01 -7.3368E-01
1.7100E-02 4.0989E-01 -7.4102E-01
1.7100E-02 4.1066E-01 -7.4844E-01
1.7100E-02 4.1143E-01 -7.5593E-01
1.7100E-02 4.1220E-01 -7.6357E-01
1.7100E-02 4.1296E-01 -7.7125E-01
1.7100E-02 4.1373E-01 -7.7895E-01
1.7100E-02 4.1450E-01 -7.8683E-01
1.7100E-02 4.1526E-01 -7.9475E-01
1.7100E-02 4.1603E-01 -8.0271E-01
1.7100E-02 4.1680E-01 -8.1075E-01
1.7100E-02 4.1757E-01 -8.1889E-01
1.7100E-02 4.1833E-01 -8.2721E-01
1.7100E-02 4.1910E-01 -8.3558E-01
1.7100E-02 4.1987E-01 -8.4398E-01
1.7100E-02 4.2064E-01 -8.5248E-01
1.7100E-02 4.2140E-01 -8.6108E-01
1.7100E-02 4.2217E-01 -8.6987E-01
1.7100E-02 4.2294E-01 -8.7873E-01
1.7100E-02 4.2370E-01 -8.8761E-01
1.7100E-02 4.2447E-01 -8.9659E-01
1.7100E-02 4.2524E-01 -9.0579E-01
1.7100E-02 4.2601E-01 -9.1505E-01
1.7100E-02 4.2677E-01 -9.2435E-01
1.7100E-02 4.2754E-01 -9.3374E-01
1.7100E-02 4.2831E-01 -9.4335E-01
1.7100E-02 4.2907E-01 -9.5304E-01
1.7100E-02 4.2984E-01 -9.6275E-01
1.7100E-02 4.3061E-01 -9.7259E-01
1.7100E-02 4.3138E-01 -9.8252E-01
1.7100E-02 4.3214E-01 -9.9268E-01
1.7100E-02 4.3291E-01 -1.0029E+00
1.7100E-02 4.3368E-01 -1.0132E+00
1.7100E-02 4.3444E-01 -1.0236E+00
1.7100E-02 4.3521E-01 -1.0341E+00
1.7100E-02 4.3598E-01 -1.0448E+00
1.7100E-02 4.3675E-01 -1.0556E+00
1.7100E-02 4.3751E-01 -1.0665E+00
1.7100E-02 4.3828E-01 -1.0774E+00
1.7100E-02 4.3905E-01 -1.0886E+00
1.7100E-02 4.3981E-01 -1.0999E+00
1.7100E-02 4.4058E-01 -1.1112E+00
1.7100E-02 4.4135E-01 -1.1226E+00
1.7100E-02 4.4212E-01 -1.1342E+00
1.7100E-02 4.4288E-01 -1.1460E+00
1.7100E-02 4.4365E-01 -1.1577E+00
1.7100E-02 4.4442E-01 -1.1695E+00
1.7100E-02 4.4518E-01 -1.1815E+00
1.7100E-02 4.4595E-01 -1.1936E+00
1.7100E-02 4.4672E-01 -1.2057E+00
1.7100E-02 4.4749E-01 -1.2180E+00
1.7100E-02 4.4825E-01 -1.2303E+00
1.7100E-02 4.4902E-01 -1.2428E+00
1.7100E-02 4.4979E-01 -1.2553E+00
1.7100E-02 4.5055E-01 -1.2679E+00
1.7100E-02 4.5132E-01 -1.2806E+00
1.7100E-02 4.5209E-01 -1.2933E+00
1.7100E-02 4.5286E-01 -1.3063E+00
1.7100E-02 4.5362E-01 -1.3193E+00
1.7100E-02 4.5439E-01 -1.3322E+00
1.7100E-02 4.5516E-01 -1.3453E+00
1.7100E-02 4.5593E-01 -1.3585E+00
1.7100E-02 4.5669E-01 -1.3718E+00
1.7100E-02 4.5746E-01 -1.3852E+00
1.7100E-02 4.5823E-01 -1.3986E+00
1.7100E-02 4.5899E-01 -1.4122E+00
1.7100E-02 4.5976E-01 -1.4258E+00
1.7100E-02 4.6053E-01 -1.4394E+00
1.7100E-02 4.6130E-01 -1.4531E+00
1.7100E-02 4.6206E-01 -1.4668E+00
1.7100E-02 4.6283E-01 -1.4808E+00
1.7100E-02 4.6360E-01 -1.4947E+00
1.7100E-02 4.6436E-01 -1.5087E+00
1.7100E-02 4.6513E-01 -1.5227E+00
1.7100E-02 4.6590E-01 -1.5369E+00
1.7100E-02 4.6667E-01 -1.5511E+00
1.7100E-02 4.6743E-01 -1.5653E+00
1.7100E-02 4.6820E-01 -1.5795E+00
1.7100E-02 4.6897E-01 -1.5938E+00
1.7100E-02 4.6973E-01 -1.6084E+00
1.7100E-02 4.7050E-01 -1.6229E+00
1.7100E-02 4.7127E-01 -1.6375E+00
1.7100E-02 4.7204E-01 -1.6521E+00
1.7100E-02 4.7280E-01 -1.6668E+00
1.7100E-02 4.7357E-01 -1.6816E+00
1.7100E-02 4.7434E-01 -1.6966E+00
1.7100E-02 4.7510E-01 -1.7115E+00
1.7100E-02 4.7587E-01 -1.7265E+00
1.7100E-02 4.7664E-01 -1.7417E+00
1.7100E-02 4.7741E-01 -1.7570E+00
1.7100E-02 4.7817E-01 -1.7722E+00
1.7100E-02 4.7894E-01 -1.7876E+00
1.7100E-02 4.7971E-01 -1.8030E+00
1.7100E-02 4.8047E-01 -1.8185E+00
1.7100E-02 4.8124E-01 -1.8343E+00
1.7100E-02 4.8201E-01 -1.8502E+00
1.7100E-02 4.8278E-01 -1.8660E+00
1.7100E-02 4.8354E-01 -1.8821E+00
1.7100E-02 4.8431E-01 -1.8983E+00
1.7100E-02 4.8508E-01 -1.9145E+00
1.7100E-02 4.8584E-01 -1.9308E+00
1.7100E-02 4.8661E-01 -1.9474E+00
1.7100E-02 4.8738E-01 -1.9641E+00
1.7100E-02 4.8815E-01 -1.9808E+00
1.7100E-02 4.8891E-01 -1.9977E+00
1.7100E-02 4.8968E-01 -2.0146E+00
1.7100E-02 4.9045E-01 -2.0319E+00
1.7100E-02 4.9122E-01 -2.0493E+00
1.7100E-02 4.9198E-01 -2.0667E+00
1.7100E-02 4.9275E-01 -2.0844E+00
1.7100E-02 4.9352E-01 -2.1022E+00
1.7100E-02 4.9428E-01 -2.1200E+00
1.7100E-02 4.9505E-01 -2.1382E+00
1.7100E-02 4.9582E-01 -2.1566E+00
1.7100E-02 4.9659E-01 -2.1749E+00
1.7100E-02 4.9735E-01 -2.1935E+00
1.7100E-02 4.9812E-01 -2.2124E+00
1.7100E-02 4.9889E-01 -2.2312E+00
1.7100E-02 4.9965E-01 -2.2503E+00
1.7100E-02 5.0042E-01 -2.2697E+00
1.7100E-02 5.0119E-01 -2.2892E+00
1.7100E-02 5.0196E-01 -2.3088E+00
1.7100E-02 5.0272E-01 -2.3287E+00
1.7100E-02 5.0349E-01 -2.3488E+00
1.7100E-02 5.0426E-01 -2.3689E+00
1.7100E-02 5.0502E-01 -2.3895E+00
1.7100E-02 5.0579E-01 -2.4101E+00
1.7100E-02 5.0656E-01 -2.4309E+00
1.7100E-02 5.0733E-01 -2.4520E+00
1.7100E-02 5.0809E-01 -2.4733E+00
1.7100E-02 5.0886E-01 -2.4946E+00
1.7100E-02 5.0963E-01 -2.5164E+00
1.7100E-02 5.1039E-01 -2.5384E+00
1.7100E-02 5.1116E-01 -2.5603E+00
1.7100E-02 5.1193E-01 -2.5828E+00
1.7100E-02 5.1270E-01 -2.6054E+00
1.7100E-02 5.1346E-01 -2.6281E+00
1.7100E-02 5.1423E-01 -2.6512E+00
1.7100E-02 5.1500E-01 -2.6745E+00
1.7100E-02 5.1576E-01 -2.6978E+00
1.7100E-02 5.1653E-01 -2.7217E+00
1.7100E-02 5.1730E-01 -2.7457E+00
1.7100E-02 5.1807E-01 -2.7699E+00
1.7100E-02 5.1883E-01 -2.7945E+00
1.7100E-02 5.1960E-01 -2.8193E+00
1.7100E-02 5.2037E-01 -2.8445E+00
1.7100E-02 5.2113E-01 -2.8699E+00
1.7100E-02 5.2190E-01 -2.8953E+00
1.7100E-02 5.2267E-01 -2.9213E+00
1.7100E-02 5.2344E-01 -2.9475E+00
1.7100E-02 5.2420E-01 -2.9738E+00
1.7100E-02 5.2497E-01 -3.0007E+00
1.7100E-02 5.2574E-01 -3.0279E+00
1.7100E-02 5.2651E-01 -3.0551E+00
1.7100E-02 5.2727E-01 -3.0829E+00
1.7100E-02 5.2804E-01 -3.1110E+00
1.7100E-02 5.2881E-01 -3.1391E+00
1.7100E-02 5.2957E-01 -3.1680E+00
1.7100E-02 5.3034E-01 -3.1970E+00
1.7100E-02 5.3111E-01 -3.2265E+00
1.7100E-02 5.3188E-01 -3.2562E+00
1.7100E-02 5.3264E-01 -3.2861E+00
1.7100E-02 5.3341E-01 -3.3167E+00
1.7100E-02 5.3418E-01 -3.3475E+00
1.7100E-02 5.3494E-01 -3.3788E+00
1.7100E-02 5.3571E-01 -3.4104E+00
1.7100E-02 5.3648E-01 -3.4425E+00
1.7100E-02 5.3725E-01 -3.4748E+00
1.7100E-02 5.3801E-01 -3.5074E+00
1.7100E-02 5.3878E-01 -3.5407E+00
1.7100E-02 5.3955E-01 -3.5742E+00
1.7100E-02 5.4031E-01 -3.6080E+00
1.7100E-02 5.4108E-01 -3.6425E+00
1.7100E-02 5.4185E-01 -3.6774E+00
1.7100E-02 5.4262E-01 -3.7127E+00
1.7100E-02 5.4338E-01 -3.7484E+00
1.7100E-02 5.4415E-01 -3.7843E+00
1.7100E-02 5.4492E-01 -3.8211E+00
1.7100E-02 5.4568E-01 -3.8581E+00
1.7100E-02 5.4645E-01 -3.8957E+00
1.7100E-02 5.4722E-01 -3.9336E+00
1.7100E-02 5.4799E-01 -3.9721E+00
1.7100E-02 5.4875E-01 -4.0109E+00
1.7100E-02 5.4952E-01 -4.0504E+00
1.7100E-02 5.5029E-01 -4.0903E+00
1.7100E-02 5.5105E-01 -4.1304E+00
1.7100E-02 5.5182E-01 -4.1715E+00
1.7100E-02 5.5259E-01 -4.2128E+00
1.7100E-02 5.5336E-01 -4.2544E+00
1.7100E-02 5.5412E-01 -4.2969E+00
1.7100E-02 5.5489E-01 -4.3397E+00
1.7100E-02 5.5566E-01 -4.3833E+00
1.7100E-02 5.5642E-01 -4.4271E+00
1.7100E-02 5.5719E-01 -4.4716E+00
1.7100E-02 5.5796E-01 -4.5165E+00
1.7100E-02 5.5873E-01 -4.5617E+00
1.7100E-02 5.5949E-01 -4.6078E+00
1.7100E-02 5.6026E-01 -4.6543E+00
1.7100E-02 5.6103E-01 -4.7015E+00
1.7100E-02 5.6180E-01 -4.7489E+00
1.7100E-02 5.6256E-01 -4.7970E+00
1.7100E-02 5.6333E-01 -4.8454E+00
1.7100E-02 5.6410E-01 -4.8940E+00
1.7100E-02 5.6486E-01 -4.9436E+00
1.7100E-02 5.6563E-01 -4.9933E+00
1.7100E-02 5.6640E-01 -5.0437E+00
1.7100E-02 5.6717E-01 -5.0942E+00
1.7100E-02 5.6793E-01 -5.1452E+00
1.7100E-02 5.6870E-01 -5.1964E+00
1.7100E-02 5.6947E-01 -5.2481E+00
1.7100E-02 5.7023E-01 -5.2998E+00
1.7100E-02 5.7100E-01 -5.3521E+00
1.7100E-02 5.7177E-01 -5.4042E+00
1.7100E-02 5.7254E-01 -5.4561E+00
1.7100E-02 5.7330E-01 -5.5086E+00
1.7100E-02 5.7407E-01 -5.5609E+00
1.7100E-02 5.7484E-01 -5.6132E+00
1.7100E-02 5.7560E-01 -5.6652E+00
1.7100E-02 5.7637E-01 -5.7165E+00
1.7100E-02 5.7714E-01 -5.7682E+00
1.7100E-02 5.7791E-01 -5.8190E+00
1.7100E-02 5.7867E-01 -5.8693E+00
1.7100E-02 5.7944E-01 -5.9187E+00
1.7100E-02 5.8021E-01 -5.9679E+00
1.7100E-02 5.8097E-01 -6.0155E+00
1.7100E-02 5.8174E-01 -6.0624E+00
1.7100E-02 5.8251E-01 -6.1075E+00
1.7100E-02 5.8328E-01 -6.1510E+00
1.7100E-02 5.8404E-01 -6.1931E+00
1.7100E-02 5.8481E-01 -6.2330E+00
1.7100E-02 5.8558E-01 -6.2709E+00
1.7100E-02 5.8634E-01 -6.3060E+00
1.7100E-02 5.8711E-01 -6.3385E+00
1.7100E-02 5.8788E-01 -6.3678E+00
1.7100E-02 5.8865E-01 -6.3937E+00
1.7100E-02 5.8941E-01 -6.4157E+00
1.7100E-02 5.9018E-01 -6.4335E+00
1.7100E-02 5.9095E-01 -6.4466E+00
1.7100E-02 5.9171E-01 -6.4548E+00
1.7100E-02 5.9248E-01 -6.4576E+00
1.7100E-02 5.9325E-01 -6.4539E+00
1.7100E-02 5.9402E-01 -6.4436E+00
1.7100E-02 5.9478E-01 -6.4267E+00
1.7100E-02 5.9555E-01 -6.4017E+00
1.7100E-02 5.9632E-01 -6.3683E+00
1.7100E-02 5.9709E-01 -6.3257E+00
1.7100E-02 5.9785E-01 -6.2739E+00
1.7100E-02 5.9862E-01 -6.2118E+00
1.7100E-02 5.9939E-01 -6.1382E+00
1.7100E-02 6.0015E-01 -6.0535E+00
1.7100E-02 6.0092E-01 -5.9556E+00
1.7100E-02 6.0169E-01 -5.8452E+00
1.7100E-02 6.0246E-01 -5.7206E+00
1.7100E-02 6.0322E-01 -5.5828E+00
1.7100E-02 6.0399E-01 -5.4284E+00
1.7100E-02 6.0476E-01 -5.2601E+00
1.7100E-02 6.0552E-01 -5.0745E+00
1.7100E-02 6.0629E-01 -4.8743E+00
1.7100E-02 6.0706E-01 -4.6563E+00
1.7100E-02 6.0783E-01 -4.4229E+00
1.7100E-02 6.0859E-01 -4.1712E+00
1.7100E-02 6.0936E-01 -3.9049E+00
1.7100E-02 6.1013E-01 -3.6231E+00
1.7100E-02 6.1089E-01 -3.3230E+00
1.7100E-02 6.1166E-01 -3.0100E+00
1.7100E-02 6.1243E-01 -2.6804E+00
1.7100E-02 6.1320E-01 -2.3401E+00
1.7100E-02 6.1396E-01 -1.9890E+00
1.7100E-02 6.1473E-01 -1.6239E+00
1.7100E-02 6.1550E-01 -1.2531E+00
1.7100E-02 6.1626E-01 -8.7149E-01
1.7100E-02 6.1703E-01 -4.8742E-01
1.7100E-02 6.1780E-01 -9.6617E-02
1.7100E-02 6.1857E-01  2.9276E-01
1.7100E-02 6.1933E-01  6.8551E-01
1.7100E-02 6.2010E-01  1.0731E+00
1.7100E-02 6.2087E-01  1.4598E+00
1.7100E-02 6.2163E-01  1.8376E+00
1.7100E-02 6.2240E-01  2.2067E+00
1.7100E-02 6.2317E-01  2.5701E+00
1.7100E-02 6.2394E-01  2.9202E+00
1.7100E-02 6.2470E-01  3.2609E+00
1.7100E-02 6.2547E-01  3.5859E+00
1.7100E-02 6.2624E-01  3.8990E+00
1.7100E-02 6.2700E-01  4.1947E+00
1.7100E-02 6.2777E-01  4.4766E+00
1.7100E-02 6.2854E-01  4.7407E+00
1.7100E-02 6.2931E-01  4.9905E+00
1.7100E-02 6.3007E-01  5.2213E+00
1.7100E-02 6.3084E-01  5.4376E+00
1.7100E-02 6.3161E-01  5.6360E+00
1.7100E-02 6.3238E-01  5.8175E+00
1.7100E-02 6.3314E-01  5.9859E+00
