 DDSCAT --- DDSCAT 7.1.0 [10.03.03]   
 TARGET --- Cyl.prism, NAT=   2640 NFAC=  80 NLAY=  33 asp.ratio= 3.2697      
 GPFAFT --- method of solution 
 GKDLDR --- prescription for polarizabilities
 CYLINDER1 --- shape 
   2640 = NAT0 = number of dipoles
 ../diel/Au_rod_in_water                                     
   0.000   0.000 = beta_min, beta_max ;  NBETA = 1
  90.000  90.000 = theta_min, theta_max; NTHETA= 1
  90.000  90.000 = phi_min, phi_max   ;   NPHI = 1
20.0000 = ETASCA (param. controlling # of scatt. dirs used to calculate <cos> etc.
 Results averaged over    1 target orientations
                   and  1 incident polarizations
   aeff       wave       Q_ext     Q_abs      Q_sca     g(1)=<cos>  <cos^2>    Q_bk       Nsca
1.7100E-02 2.9712E-01 1.6351E+00 1.5729E+00 5.5448E-02  1.0000E+00 1.0000E+00 7.7601E-03     1
1.7100E-02 2.9789E-01 1.6326E+00 1.5709E+00 5.4953E-02  1.0000E+00 1.0000E+00 7.6960E-03     1
1.7100E-02 2.9865E-01 1.6301E+00 1.5688E+00 5.4459E-02  1.0000E+00 1.0000E+00 7.6322E-03     1
1.7100E-02 2.9942E-01 1.6274E+00 1.5667E+00 5.3965E-02  1.0000E+00 1.0000E+00 7.5682E-03     1
1.7100E-02 3.0019E-01 1.6247E+00 1.5644E+00 5.3472E-02  1.0000E+00 1.0000E+00 7.5044E-03     1
1.7100E-02 3.0096E-01 1.6218E+00 1.5621E+00 5.2980E-02  1.0000E+00 1.0000E+00 7.4406E-03     1
1.7100E-02 3.0172E-01 1.6190E+00 1.5598E+00 5.2492E-02  1.0000E+00 1.0000E+00 7.3771E-03     1
1.7100E-02 3.0249E-01 1.6161E+00 1.5574E+00 5.2003E-02  1.0000E+00 1.0000E+00 7.3138E-03     1
1.7100E-02 3.0326E-01 1.6132E+00 1.5549E+00 5.1518E-02  1.0000E+00 1.0000E+00 7.2507E-03     1
1.7100E-02 3.0402E-01 1.6102E+00 1.5525E+00 5.1033E-02  1.0000E+00 1.0000E+00 7.1878E-03     1
1.7100E-02 3.0479E-01 1.6073E+00 1.5500E+00 5.0550E-02  1.0000E+00 1.0000E+00 7.1251E-03     1
1.7100E-02 3.0556E-01 1.6043E+00 1.5475E+00 5.0074E-02  1.0000E+00 1.0000E+00 7.0628E-03     1
1.7100E-02 3.0633E-01 1.6014E+00 1.5451E+00 4.9595E-02  1.0000E+00 1.0000E+00 7.0008E-03     1
1.7100E-02 3.0709E-01 1.5984E+00 1.5426E+00 4.9121E-02  1.0000E+00 1.0000E+00 6.9389E-03     1
1.7100E-02 3.0786E-01 1.5955E+00 1.5402E+00 4.8649E-02  1.0000E+00 1.0000E+00 6.8776E-03     1
1.7100E-02 3.0863E-01 1.5926E+00 1.5378E+00 4.8180E-02  1.0000E+00 1.0000E+00 6.8165E-03     1
1.7100E-02 3.0939E-01 1.5897E+00 1.5354E+00 4.7712E-02  1.0000E+00 1.0000E+00 6.7555E-03     1
1.7100E-02 3.1016E-01 1.5868E+00 1.5329E+00 4.7246E-02  1.0000E+00 1.0000E+00 6.6947E-03     1
1.7100E-02 3.1093E-01 1.5838E+00 1.5304E+00 4.6780E-02  1.0000E+00 1.0000E+00 6.6341E-03     1
1.7100E-02 3.1170E-01 1.5808E+00 1.5278E+00 4.6317E-02  1.0000E+00 1.0000E+00 6.5735E-03     1
1.7100E-02 3.1246E-01 1.5776E+00 1.5252E+00 4.5855E-02  1.0000E+00 1.0000E+00 6.5130E-03     1
1.7100E-02 3.1323E-01 1.5744E+00 1.5225E+00 4.5391E-02  1.0000E+00 1.0000E+00 6.4525E-03     1
1.7100E-02 3.1400E-01 1.5711E+00 1.5196E+00 4.4929E-02  1.0000E+00 1.0000E+00 6.3919E-03     1
1.7100E-02 3.1477E-01 1.5677E+00 1.5167E+00 4.4465E-02  1.0000E+00 1.0000E+00 6.3313E-03     1
1.7100E-02 3.1553E-01 1.5641E+00 1.5136E+00 4.4005E-02  1.0000E+00 1.0000E+00 6.2706E-03     1
1.7100E-02 3.1630E-01 1.5604E+00 1.5104E+00 4.3542E-02  1.0000E+00 1.0000E+00 6.2097E-03     1
1.7100E-02 3.1707E-01 1.5566E+00 1.5070E+00 4.3079E-02  1.0000E+00 1.0000E+00 6.1487E-03     1
1.7100E-02 3.1783E-01 1.5525E+00 1.5034E+00 4.2616E-02  1.0000E+00 1.0000E+00 6.0875E-03     1
1.7100E-02 3.1860E-01 1.5483E+00 1.4997E+00 4.2152E-02  1.0000E+00 1.0000E+00 6.0262E-03     1
1.7100E-02 3.1937E-01 1.5439E+00 1.4958E+00 4.1685E-02  1.0000E+00 1.0000E+00 5.9646E-03     1
1.7100E-02 3.2014E-01 1.5392E+00 1.4916E+00 4.1219E-02  1.0000E+00 1.0000E+00 5.9027E-03     1
1.7100E-02 3.2090E-01 1.5344E+00 1.4872E+00 4.0752E-02  1.0000E+00 1.0000E+00 5.8405E-03     1
1.7100E-02 3.2167E-01 1.5293E+00 1.4827E+00 4.0284E-02  1.0000E+00 1.0000E+00 5.7782E-03     1
1.7100E-02 3.2244E-01 1.5241E+00 1.4780E+00 3.9816E-02  1.0000E+00 1.0000E+00 5.7158E-03     1
1.7100E-02 3.2320E-01 1.5187E+00 1.4730E+00 3.9347E-02  1.0000E+00 1.0000E+00 5.6532E-03     1
1.7100E-02 3.2397E-01 1.5131E+00 1.4679E+00 3.8879E-02  1.0000E+00 1.0000E+00 5.5906E-03     1
1.7100E-02 3.2474E-01 1.5074E+00 1.4627E+00 3.8412E-02  1.0000E+00 1.0000E+00 5.5280E-03     1
1.7100E-02 3.2551E-01 1.5015E+00 1.4574E+00 3.7947E-02  1.0000E+00 1.0000E+00 5.4655E-03     1
1.7100E-02 3.2627E-01 1.4955E+00 1.4519E+00 3.7483E-02  1.0000E+00 1.0000E+00 5.4031E-03     1
1.7100E-02 3.2704E-01 1.4894E+00 1.4463E+00 3.7018E-02  1.0000E+00 1.0000E+00 5.3406E-03     1
1.7100E-02 3.2781E-01 1.4833E+00 1.4406E+00 3.6557E-02  1.0000E+00 1.0000E+00 5.2784E-03     1
1.7100E-02 3.2857E-01 1.4770E+00 1.4348E+00 3.6099E-02  1.0000E+00 1.0000E+00 5.2164E-03     1
1.7100E-02 3.2934E-01 1.4707E+00 1.4290E+00 3.5640E-02  1.0000E+00 1.0000E+00 5.1546E-03     1
1.7100E-02 3.3011E-01 1.4643E+00 1.4231E+00 3.5183E-02  1.0000E+00 1.0000E+00 5.0930E-03     1
1.7100E-02 3.3088E-01 1.4578E+00 1.4171E+00 3.4732E-02  1.0000E+00 1.0000E+00 5.0316E-03     1
1.7100E-02 3.3164E-01 1.4514E+00 1.4112E+00 3.4281E-02  1.0000E+00 1.0000E+00 4.9706E-03     1
1.7100E-02 3.3241E-01 1.4449E+00 1.4052E+00 3.3833E-02  1.0000E+00 1.0000E+00 4.9099E-03     1
1.7100E-02 3.3318E-01 1.4384E+00 1.3992E+00 3.3388E-02  1.0000E+00 1.0000E+00 4.8496E-03     1
1.7100E-02 3.3394E-01 1.4319E+00 1.3931E+00 3.2945E-02  1.0000E+00 1.0000E+00 4.7893E-03     1
1.7100E-02 3.3471E-01 1.4254E+00 1.3871E+00 3.2508E-02  1.0000E+00 1.0000E+00 4.7297E-03     1
1.7100E-02 3.3548E-01 1.4190E+00 1.3812E+00 3.2073E-02  1.0000E+00 1.0000E+00 4.6706E-03     1
1.7100E-02 3.3625E-01 1.4126E+00 1.3753E+00 3.1640E-02  1.0000E+00 1.0000E+00 4.6117E-03     1
1.7100E-02 3.3701E-01 1.4063E+00 1.3694E+00 3.1213E-02  1.0000E+00 1.0000E+00 4.5534E-03     1
1.7100E-02 3.3778E-01 1.3999E+00 1.3635E+00 3.0787E-02  1.0000E+00 1.0000E+00 4.4955E-03     1
1.7100E-02 3.3855E-01 1.3936E+00 1.3577E+00 3.0366E-02  1.0000E+00 1.0000E+00 4.4380E-03     1
1.7100E-02 3.3931E-01 1.3873E+00 1.3518E+00 2.9949E-02  1.0000E+00 1.0000E+00 4.3808E-03     1
1.7100E-02 3.4008E-01 1.3809E+00 1.3459E+00 2.9534E-02  1.0000E+00 1.0000E+00 4.3240E-03     1
1.7100E-02 3.4085E-01 1.3746E+00 1.3400E+00 2.9123E-02  1.0000E+00 1.0000E+00 4.2676E-03     1
1.7100E-02 3.4162E-01 1.3682E+00 1.3340E+00 2.8714E-02  1.0000E+00 1.0000E+00 4.2116E-03     1
1.7100E-02 3.4238E-01 1.3617E+00 1.3280E+00 2.8311E-02  1.0000E+00 1.0000E+00 4.1561E-03     1
1.7100E-02 3.4315E-01 1.3551E+00 1.3219E+00 2.7907E-02  1.0000E+00 1.0000E+00 4.1005E-03     1
1.7100E-02 3.4392E-01 1.3485E+00 1.3157E+00 2.7509E-02  1.0000E+00 1.0000E+00 4.0457E-03     1
1.7100E-02 3.4468E-01 1.3419E+00 1.3095E+00 2.7115E-02  1.0000E+00 1.0000E+00 3.9913E-03     1
1.7100E-02 3.4545E-01 1.3351E+00 1.3031E+00 2.6724E-02  1.0000E+00 1.0000E+00 3.9372E-03     1
1.7100E-02 3.4622E-01 1.3282E+00 1.2967E+00 2.6336E-02  1.0000E+00 1.0000E+00 3.8835E-03     1
1.7100E-02 3.4699E-01 1.3211E+00 1.2901E+00 2.5952E-02  1.0000E+00 1.0000E+00 3.8302E-03     1
1.7100E-02 3.4775E-01 1.3140E+00 1.2834E+00 2.5572E-02  1.0000E+00 1.0000E+00 3.7772E-03     1
1.7100E-02 3.4852E-01 1.3067E+00 1.2765E+00 2.5195E-02  1.0000E+00 1.0000E+00 3.7247E-03     1
1.7100E-02 3.4929E-01 1.2992E+00 1.2694E+00 2.4821E-02  1.0000E+00 1.0000E+00 3.6725E-03     1
1.7100E-02 3.5006E-01 1.2916E+00 1.2622E+00 2.4451E-02  1.0000E+00 1.0000E+00 3.6208E-03     1
1.7100E-02 3.5082E-01 1.2838E+00 1.2549E+00 2.4085E-02  1.0000E+00 1.0000E+00 3.5694E-03     1
1.7100E-02 3.5159E-01 1.2758E+00 1.2472E+00 2.3720E-02  1.0000E+00 1.0000E+00 3.5182E-03     1
1.7100E-02 3.5236E-01 1.2676E+00 1.2394E+00 2.3361E-02  1.0000E+00 1.0000E+00 3.4676E-03     1
1.7100E-02 3.5312E-01 1.2592E+00 1.2315E+00 2.3007E-02  1.0000E+00 1.0000E+00 3.4176E-03     1
1.7100E-02 3.5389E-01 1.2507E+00 1.2233E+00 2.2659E-02  1.0000E+00 1.0000E+00 3.3684E-03     1
1.7100E-02 3.5466E-01 1.2421E+00 1.2151E+00 2.2317E-02  1.0000E+00 1.0000E+00 3.3200E-03     1
1.7100E-02 3.5543E-01 1.2333E+00 1.2067E+00 2.1983E-02  1.0000E+00 1.0000E+00 3.2725E-03     1
1.7100E-02 3.5619E-01 1.2245E+00 1.1983E+00 2.1657E-02  1.0000E+00 1.0000E+00 3.2261E-03     1
1.7100E-02 3.5696E-01 1.2156E+00 1.1897E+00 2.1340E-02  1.0000E+00 1.0000E+00 3.1809E-03     1
1.7100E-02 3.5773E-01 1.2065E+00 1.1810E+00 2.1030E-02  1.0000E+00 1.0000E+00 3.1367E-03     1
1.7100E-02 3.5849E-01 1.1974E+00 1.1723E+00 2.0732E-02  1.0000E+00 1.0000E+00 3.0939E-03     1
1.7100E-02 3.5926E-01 1.1884E+00 1.1636E+00 2.0444E-02  1.0000E+00 1.0000E+00 3.0525E-03     1
1.7100E-02 3.6003E-01 1.1793E+00 1.1548E+00 2.0168E-02  1.0000E+00 1.0000E+00 3.0127E-03     1
1.7100E-02 3.6080E-01 1.1702E+00 1.1460E+00 1.9902E-02  1.0000E+00 1.0000E+00 2.9745E-03     1
1.7100E-02 3.6156E-01 1.1611E+00 1.1372E+00 1.9650E-02  1.0000E+00 1.0000E+00 2.9379E-03     1
1.7100E-02 3.6233E-01 1.1519E+00 1.1283E+00 1.9409E-02  1.0000E+00 1.0000E+00 2.9028E-03     1
1.7100E-02 3.6310E-01 1.1429E+00 1.1195E+00 1.9181E-02  1.0000E+00 1.0000E+00 2.8697E-03     1
1.7100E-02 3.6386E-01 1.1339E+00 1.1108E+00 1.8968E-02  1.0000E+00 1.0000E+00 2.8385E-03     1
1.7100E-02 3.6463E-01 1.1249E+00 1.1020E+00 1.8768E-02  1.0000E+00 1.0000E+00 2.8092E-03     1
1.7100E-02 3.6540E-01 1.1160E+00 1.0933E+00 1.8583E-02  1.0000E+00 1.0000E+00 2.7818E-03     1
1.7100E-02 3.6617E-01 1.1071E+00 1.0847E+00 1.8412E-02  1.0000E+00 1.0000E+00 2.7565E-03     1
1.7100E-02 3.6693E-01 1.0982E+00 1.0760E+00 1.8257E-02  1.0000E+00 1.0000E+00 2.7332E-03     1
1.7100E-02 3.6770E-01 1.0894E+00 1.0674E+00 1.8118E-02  1.0000E+00 1.0000E+00 2.7122E-03     1
1.7100E-02 3.6847E-01 1.0808E+00 1.0588E+00 1.7994E-02  1.0000E+00 1.0000E+00 2.6933E-03     1
1.7100E-02 3.6923E-01 1.0722E+00 1.0504E+00 1.7887E-02  1.0000E+00 1.0000E+00 2.6768E-03     1
1.7100E-02 3.7000E-01 1.0636E+00 1.0419E+00 1.7797E-02  1.0000E+00 1.0000E+00 2.6626E-03     1
1.7100E-02 3.7077E-01 1.0551E+00 1.0335E+00 1.7725E-02  1.0000E+00 1.0000E+00 2.6507E-03     1
1.7100E-02 3.7154E-01 1.0467E+00 1.0252E+00 1.7670E-02  1.0000E+00 1.0000E+00 2.6412E-03     1
1.7100E-02 3.7230E-01 1.0383E+00 1.0168E+00 1.7632E-02  1.0000E+00 1.0000E+00 2.6342E-03     1
1.7100E-02 3.7307E-01 1.0299E+00 1.0085E+00 1.7611E-02  1.0000E+00 1.0000E+00 2.6294E-03     1
1.7100E-02 3.7384E-01 1.0216E+00 1.0002E+00 1.7605E-02  1.0000E+00 1.0000E+00 2.6265E-03     1
1.7100E-02 3.7460E-01 1.0134E+00 9.9198E-01 1.7614E-02  1.0000E+00 1.0000E+00 2.6258E-03     1
1.7100E-02 3.7537E-01 1.0052E+00 9.8376E-01 1.7640E-02  1.0000E+00 1.0000E+00 2.6272E-03     1
1.7100E-02 3.7614E-01 9.9702E-01 9.7557E-01 1.7679E-02  1.0000E+00 1.0000E+00 2.6304E-03     1
1.7100E-02 3.7691E-01 9.8884E-01 9.6734E-01 1.7734E-02  1.0000E+00 1.0000E+00 2.6359E-03     1
1.7100E-02 3.7767E-01 9.8074E-01 9.5919E-01 1.7803E-02  1.0000E+00 1.0000E+00 2.6431E-03     1
1.7100E-02 3.7844E-01 9.7273E-01 9.5110E-01 1.7886E-02  1.0000E+00 1.0000E+00 2.6520E-03     1
1.7100E-02 3.7921E-01 9.6479E-01 9.4306E-01 1.7981E-02  1.0000E+00 1.0000E+00 2.6627E-03     1
1.7100E-02 3.7997E-01 9.5694E-01 9.3511E-01 1.8090E-02  1.0000E+00 1.0000E+00 2.6751E-03     1
1.7100E-02 3.8074E-01 9.4911E-01 9.2715E-01 1.8215E-02  1.0000E+00 1.0000E+00 2.6895E-03     1
1.7100E-02 3.8151E-01 9.4143E-01 9.1934E-01 1.8351E-02  1.0000E+00 1.0000E+00 2.7055E-03     1
1.7100E-02 3.8228E-01 9.3392E-01 9.1169E-01 1.8499E-02  1.0000E+00 1.0000E+00 2.7228E-03     1
1.7100E-02 3.8304E-01 9.2655E-01 9.0416E-01 1.8659E-02  1.0000E+00 1.0000E+00 2.7417E-03     1
1.7100E-02 3.8381E-01 9.1937E-01 8.9681E-01 1.8832E-02  1.0000E+00 1.0000E+00 2.7622E-03     1
1.7100E-02 3.8458E-01 9.1241E-01 8.8967E-01 1.9015E-02  1.0000E+00 1.0000E+00 2.7841E-03     1
1.7100E-02 3.8535E-01 9.0562E-01 8.8268E-01 1.9214E-02  1.0000E+00 1.0000E+00 2.8079E-03     1
1.7100E-02 3.8611E-01 8.9913E-01 8.7598E-01 1.9422E-02  1.0000E+00 1.0000E+00 2.8328E-03     1
1.7100E-02 3.8688E-01 8.9300E-01 8.6963E-01 1.9638E-02  1.0000E+00 1.0000E+00 2.8589E-03     1
1.7100E-02 3.8765E-01 8.8718E-01 8.6359E-01 1.9865E-02  1.0000E+00 1.0000E+00 2.8862E-03     1
1.7100E-02 3.8841E-01 8.8174E-01 8.5791E-01 2.0101E-02  1.0000E+00 1.0000E+00 2.9146E-03     1
1.7100E-02 3.8918E-01 8.7668E-01 8.5260E-01 2.0348E-02  1.0000E+00 1.0000E+00 2.9447E-03     1
1.7100E-02 3.8995E-01 8.7210E-01 8.4777E-01 2.0603E-02  1.0000E+00 1.0000E+00 2.9756E-03     1
1.7100E-02 3.9072E-01 8.6801E-01 8.4341E-01 2.0863E-02  1.0000E+00 1.0000E+00 3.0072E-03     1
1.7100E-02 3.9148E-01 8.6435E-01 8.3948E-01 2.1129E-02  1.0000E+00 1.0000E+00 3.0397E-03     1
1.7100E-02 3.9225E-01 8.6112E-01 8.3597E-01 2.1401E-02  1.0000E+00 1.0000E+00 3.0730E-03     1
1.7100E-02 3.9302E-01 8.5830E-01 8.3286E-01 2.1684E-02  1.0000E+00 1.0000E+00 3.1077E-03     1
1.7100E-02 3.9378E-01 8.5587E-01 8.3014E-01 2.1971E-02  1.0000E+00 1.0000E+00 3.1429E-03     1
1.7100E-02 3.9455E-01 8.5382E-01 8.2779E-01 2.2261E-02  1.0000E+00 1.0000E+00 3.1785E-03     1
1.7100E-02 3.9532E-01 8.5213E-01 8.2580E-01 2.2555E-02  1.0000E+00 1.0000E+00 3.2148E-03     1
1.7100E-02 3.9609E-01 8.5075E-01 8.2412E-01 2.2854E-02  1.0000E+00 1.0000E+00 3.2516E-03     1
1.7100E-02 3.9685E-01 8.4969E-01 8.2273E-01 2.3162E-02  1.0000E+00 1.0000E+00 3.2896E-03     1
1.7100E-02 3.9762E-01 8.4890E-01 8.2162E-01 2.3472E-02  1.0000E+00 1.0000E+00 3.3279E-03     1
1.7100E-02 3.9839E-01 8.4834E-01 8.2075E-01 2.3783E-02  1.0000E+00 1.0000E+00 3.3662E-03     1
1.7100E-02 3.9915E-01 8.4802E-01 8.2010E-01 2.4098E-02  1.0000E+00 1.0000E+00 3.4051E-03     1
1.7100E-02 3.9992E-01 8.4790E-01 8.1965E-01 2.4415E-02  1.0000E+00 1.0000E+00 3.4443E-03     1
1.7100E-02 4.0069E-01 8.4794E-01 8.1935E-01 2.4741E-02  1.0000E+00 1.0000E+00 3.4846E-03     1
1.7100E-02 4.0146E-01 8.4812E-01 8.1920E-01 2.5069E-02  1.0000E+00 1.0000E+00 3.5250E-03     1
1.7100E-02 4.0222E-01 8.4841E-01 8.1915E-01 2.5398E-02  1.0000E+00 1.0000E+00 3.5654E-03     1
1.7100E-02 4.0299E-01 8.4877E-01 8.1917E-01 2.5729E-02  1.0000E+00 1.0000E+00 3.6063E-03     1
1.7100E-02 4.0376E-01 8.4923E-01 8.1927E-01 2.6070E-02  1.0000E+00 1.0000E+00 3.6482E-03     1
1.7100E-02 4.0452E-01 8.4970E-01 8.1939E-01 2.6412E-02  1.0000E+00 1.0000E+00 3.6901E-03     1
1.7100E-02 4.0529E-01 8.5019E-01 8.1953E-01 2.6755E-02  1.0000E+00 1.0000E+00 3.7322E-03     1
1.7100E-02 4.0606E-01 8.5065E-01 8.1963E-01 2.7103E-02  1.0000E+00 1.0000E+00 3.7747E-03     1
1.7100E-02 4.0683E-01 8.5107E-01 8.1968E-01 2.7455E-02  1.0000E+00 1.0000E+00 3.8176E-03     1
1.7100E-02 4.0759E-01 8.5142E-01 8.1968E-01 2.7810E-02  1.0000E+00 1.0000E+00 3.8609E-03     1
1.7100E-02 4.0836E-01 8.5171E-01 8.1958E-01 2.8176E-02  1.0000E+00 1.0000E+00 3.9053E-03     1
1.7100E-02 4.0913E-01 8.5185E-01 8.1936E-01 2.8544E-02  1.0000E+00 1.0000E+00 3.9498E-03     1
1.7100E-02 4.0989E-01 8.5184E-01 8.1897E-01 2.8913E-02  1.0000E+00 1.0000E+00 3.9942E-03     1
1.7100E-02 4.1066E-01 8.5165E-01 8.1840E-01 2.9287E-02  1.0000E+00 1.0000E+00 4.0391E-03     1
1.7100E-02 4.1143E-01 8.5127E-01 8.1764E-01 2.9665E-02  1.0000E+00 1.0000E+00 4.0842E-03     1
1.7100E-02 4.1220E-01 8.5069E-01 8.1667E-01 3.0054E-02  1.0000E+00 1.0000E+00 4.1305E-03     1
1.7100E-02 4.1296E-01 8.4992E-01 8.1551E-01 3.0445E-02  1.0000E+00 1.0000E+00 4.1769E-03     1
1.7100E-02 4.1373E-01 8.4896E-01 8.1416E-01 3.0838E-02  1.0000E+00 1.0000E+00 4.2233E-03     1
1.7100E-02 4.1450E-01 8.4785E-01 8.1265E-01 3.1245E-02  1.0000E+00 1.0000E+00 4.2711E-03     1
1.7100E-02 4.1526E-01 8.4658E-01 8.1097E-01 3.1655E-02  1.0000E+00 1.0000E+00 4.3193E-03     1
1.7100E-02 4.1603E-01 8.4516E-01 8.0915E-01 3.2068E-02  1.0000E+00 1.0000E+00 4.3676E-03     1
1.7100E-02 4.1680E-01 8.4362E-01 8.0719E-01 3.2489E-02  1.0000E+00 1.0000E+00 4.4167E-03     1
1.7100E-02 4.1757E-01 8.4194E-01 8.0509E-01 3.2919E-02  1.0000E+00 1.0000E+00 4.4666E-03     1
1.7100E-02 4.1833E-01 8.4016E-01 8.0287E-01 3.3365E-02  1.0000E+00 1.0000E+00 4.5182E-03     1
1.7100E-02 4.1910E-01 8.3828E-01 8.0055E-01 3.3815E-02  1.0000E+00 1.0000E+00 4.5704E-03     1
1.7100E-02 4.1987E-01 8.3631E-01 7.9814E-01 3.4270E-02  1.0000E+00 1.0000E+00 4.6229E-03     1
1.7100E-02 4.2064E-01 8.3428E-01 7.9566E-01 3.4736E-02  1.0000E+00 1.0000E+00 4.6766E-03     1
1.7100E-02 4.2140E-01 8.3219E-01 7.9311E-01 3.5210E-02  1.0000E+00 1.0000E+00 4.7312E-03     1
1.7100E-02 4.2217E-01 8.3003E-01 7.9048E-01 3.5702E-02  1.0000E+00 1.0000E+00 4.7879E-03     1
1.7100E-02 4.2294E-01 8.2785E-01 7.8782E-01 3.6204E-02  1.0000E+00 1.0000E+00 4.8454E-03     1
1.7100E-02 4.2370E-01 8.2566E-01 7.8514E-01 3.6710E-02  1.0000E+00 1.0000E+00 4.9035E-03     1
1.7100E-02 4.2447E-01 8.2345E-01 7.8243E-01 3.7228E-02  1.0000E+00 1.0000E+00 4.9629E-03     1
1.7100E-02 4.2524E-01 8.2124E-01 7.7970E-01 3.7766E-02  1.0000E+00 1.0000E+00 5.0246E-03     1
1.7100E-02 4.2601E-01 8.1907E-01 7.7700E-01 3.8314E-02  1.0000E+00 1.0000E+00 5.0874E-03     1
1.7100E-02 4.2677E-01 8.1692E-01 7.7432E-01 3.8869E-02  1.0000E+00 1.0000E+00 5.1509E-03     1
1.7100E-02 4.2754E-01 8.1483E-01 7.7168E-01 3.9435E-02  1.0000E+00 1.0000E+00 5.2159E-03     1
1.7100E-02 4.2831E-01 8.1278E-01 7.6908E-01 4.0023E-02  1.0000E+00 1.0000E+00 5.2834E-03     1
1.7100E-02 4.2907E-01 8.1082E-01 7.6654E-01 4.0622E-02  1.0000E+00 1.0000E+00 5.3522E-03     1
1.7100E-02 4.2984E-01 8.0895E-01 7.6409E-01 4.1229E-02  1.0000E+00 1.0000E+00 5.4218E-03     1
1.7100E-02 4.3061E-01 8.0718E-01 7.6172E-01 4.1850E-02  1.0000E+00 1.0000E+00 5.4933E-03     1
1.7100E-02 4.3138E-01 8.0553E-01 7.5946E-01 4.2486E-02  1.0000E+00 1.0000E+00 5.5664E-03     1
1.7100E-02 4.3214E-01 8.0402E-01 7.5732E-01 4.3143E-02  1.0000E+00 1.0000E+00 5.6424E-03     1
1.7100E-02 4.3291E-01 8.0265E-01 7.5530E-01 4.3816E-02  1.0000E+00 1.0000E+00 5.7198E-03     1
1.7100E-02 4.3368E-01 8.0144E-01 7.5343E-01 4.4495E-02  1.0000E+00 1.0000E+00 5.7984E-03     1
1.7100E-02 4.3444E-01 8.0042E-01 7.5174E-01 4.5190E-02  1.0000E+00 1.0000E+00 5.8789E-03     1
1.7100E-02 4.3521E-01 7.9960E-01 7.5023E-01 4.5901E-02  1.0000E+00 1.0000E+00 5.9613E-03     1
1.7100E-02 4.3598E-01 7.9899E-01 7.4891E-01 4.6638E-02  1.0000E+00 1.0000E+00 6.0471E-03     1
1.7100E-02 4.3675E-01 7.9857E-01 7.4777E-01 4.7387E-02  1.0000E+00 1.0000E+00 6.1344E-03     1
1.7100E-02 4.3751E-01 7.9839E-01 7.4685E-01 4.8147E-02  1.0000E+00 1.0000E+00 6.2230E-03     1
1.7100E-02 4.3828E-01 7.9847E-01 7.4617E-01 4.8925E-02  1.0000E+00 1.0000E+00 6.3139E-03     1
1.7100E-02 4.3905E-01 7.9876E-01 7.4568E-01 4.9728E-02  1.0000E+00 1.0000E+00 6.4081E-03     1
1.7100E-02 4.3981E-01 7.9927E-01 7.4540E-01 5.0545E-02  1.0000E+00 1.0000E+00 6.5039E-03     1
1.7100E-02 4.4058E-01 8.0003E-01 7.4534E-01 5.1370E-02  1.0000E+00 1.0000E+00 6.6009E-03     1
1.7100E-02 4.4135E-01 8.0097E-01 7.4547E-01 5.2209E-02  1.0000E+00 1.0000E+00 6.6998E-03     1
1.7100E-02 4.4212E-01 8.0218E-01 7.4582E-01 5.3078E-02  1.0000E+00 1.0000E+00 6.8023E-03     1
1.7100E-02 4.4288E-01 8.0356E-01 7.4634E-01 5.3960E-02  1.0000E+00 1.0000E+00 6.9064E-03     1
1.7100E-02 4.4365E-01 8.0513E-01 7.4704E-01 5.4847E-02  1.0000E+00 1.0000E+00 7.0114E-03     1
1.7100E-02 4.4442E-01 8.0693E-01 7.4794E-01 5.5752E-02  1.0000E+00 1.0000E+00 7.1185E-03     1
1.7100E-02 4.4518E-01 8.0895E-01 7.4905E-01 5.6684E-02  1.0000E+00 1.0000E+00 7.2291E-03     1
1.7100E-02 4.4595E-01 8.1115E-01 7.5032E-01 5.7628E-02  1.0000E+00 1.0000E+00 7.3411E-03     1
1.7100E-02 4.4672E-01 8.1350E-01 7.5173E-01 5.8578E-02  1.0000E+00 1.0000E+00 7.4540E-03     1
1.7100E-02 4.4749E-01 8.1602E-01 7.5330E-01 5.9545E-02  1.0000E+00 1.0000E+00 7.5690E-03     1
1.7100E-02 4.4825E-01 8.1872E-01 7.5503E-01 6.0525E-02  1.0000E+00 1.0000E+00 7.6858E-03     1
1.7100E-02 4.4902E-01 8.2162E-01 7.5693E-01 6.1535E-02  1.0000E+00 1.0000E+00 7.8061E-03     1
1.7100E-02 4.4979E-01 8.2466E-01 7.5896E-01 6.2555E-02  1.0000E+00 1.0000E+00 7.9277E-03     1
1.7100E-02 4.5055E-01 8.2783E-01 7.6111E-01 6.3578E-02  1.0000E+00 1.0000E+00 8.0500E-03     1
1.7100E-02 4.5132E-01 8.3114E-01 7.6339E-01 6.4620E-02  1.0000E+00 1.0000E+00 8.1744E-03     1
1.7100E-02 4.5209E-01 8.3457E-01 7.6578E-01 6.5675E-02  1.0000E+00 1.0000E+00 8.3005E-03     1
1.7100E-02 4.5286E-01 8.3818E-01 7.6832E-01 6.6758E-02  1.0000E+00 1.0000E+00 8.4300E-03     1
1.7100E-02 4.5362E-01 8.4190E-01 7.7095E-01 6.7853E-02  1.0000E+00 1.0000E+00 8.5609E-03     1
1.7100E-02 4.5439E-01 8.4569E-01 7.7365E-01 6.8951E-02  1.0000E+00 1.0000E+00 8.6923E-03     1
1.7100E-02 4.5516E-01 8.4959E-01 7.7644E-01 7.0065E-02  1.0000E+00 1.0000E+00 8.8257E-03     1
1.7100E-02 4.5593E-01 8.5356E-01 7.7929E-01 7.1189E-02  1.0000E+00 1.0000E+00 8.9605E-03     1
1.7100E-02 4.5669E-01 8.5767E-01 7.8225E-01 7.2346E-02  1.0000E+00 1.0000E+00 9.0989E-03     1
1.7100E-02 4.5746E-01 8.6184E-01 7.8526E-01 7.3510E-02  1.0000E+00 1.0000E+00 9.2384E-03     1
1.7100E-02 4.5823E-01 8.6604E-01 7.8830E-01 7.4675E-02  1.0000E+00 1.0000E+00 9.3781E-03     1
1.7100E-02 4.5899E-01 8.7033E-01 7.9141E-01 7.5871E-02  1.0000E+00 1.0000E+00 9.5216E-03     1
1.7100E-02 4.5976E-01 8.7467E-01 7.9454E-01 7.7076E-02  1.0000E+00 1.0000E+00 9.6661E-03     1
1.7100E-02 4.6053E-01 8.7900E-01 7.9767E-01 7.8285E-02  1.0000E+00 1.0000E+00 9.8109E-03     1
1.7100E-02 4.6130E-01 8.8337E-01 8.0082E-01 7.9508E-02  1.0000E+00 1.0000E+00 9.9575E-03     1
1.7100E-02 4.6206E-01 8.8775E-01 8.0397E-01 8.0740E-02  1.0000E+00 1.0000E+00 1.0105E-02     1
1.7100E-02 4.6283E-01 8.9220E-01 8.0717E-01 8.2001E-02  1.0000E+00 1.0000E+00 1.0257E-02     1
1.7100E-02 4.6360E-01 8.9660E-01 8.1031E-01 8.3271E-02  1.0000E+00 1.0000E+00 1.0409E-02     1
1.7100E-02 4.6436E-01 9.0098E-01 8.1342E-01 8.4541E-02  1.0000E+00 1.0000E+00 1.0561E-02     1
1.7100E-02 4.6513E-01 9.0536E-01 8.1653E-01 8.5825E-02  1.0000E+00 1.0000E+00 1.0715E-02     1
1.7100E-02 4.6590E-01 9.0979E-01 8.1965E-01 8.7135E-02  1.0000E+00 1.0000E+00 1.0872E-02     1
1.7100E-02 4.6667E-01 9.1419E-01 8.2274E-01 8.8452E-02  1.0000E+00 1.0000E+00 1.1030E-02     1
1.7100E-02 4.6743E-01 9.1858E-01 8.2581E-01 8.9773E-02  1.0000E+00 1.0000E+00 1.1188E-02     1
1.7100E-02 4.6820E-01 9.2297E-01 8.2888E-01 9.1105E-02  1.0000E+00 1.0000E+00 1.1347E-02     1
1.7100E-02 4.6897E-01 9.2737E-01 8.3195E-01 9.2447E-02  1.0000E+00 1.0000E+00 1.1508E-02     1
1.7100E-02 4.6973E-01 9.3185E-01 8.3505E-01 9.3824E-02  1.0000E+00 1.0000E+00 1.1674E-02     1
1.7100E-02 4.7050E-01 9.3631E-01 8.3814E-01 9.5209E-02  1.0000E+00 1.0000E+00 1.1840E-02     1
1.7100E-02 4.7127E-01 9.4080E-01 8.4124E-01 9.6597E-02  1.0000E+00 1.0000E+00 1.2006E-02     1
1.7100E-02 4.7204E-01 9.4528E-01 8.4433E-01 9.7999E-02  1.0000E+00 1.0000E+00 1.2174E-02     1
1.7100E-02 4.7280E-01 9.4980E-01 8.4744E-01 9.9412E-02  1.0000E+00 1.0000E+00 1.2343E-02     1
1.7100E-02 4.7357E-01 9.5445E-01 8.5064E-01 1.0086E-01  1.0000E+00 1.0000E+00 1.2516E-02     1
1.7100E-02 4.7434E-01 9.5909E-01 8.5383E-01 1.0231E-01  1.0000E+00 1.0000E+00 1.2691E-02     1
1.7100E-02 4.7510E-01 9.6372E-01 8.5702E-01 1.0377E-01  1.0000E+00 1.0000E+00 1.2866E-02     1
1.7100E-02 4.7587E-01 9.6844E-01 8.6027E-01 1.0525E-01  1.0000E+00 1.0000E+00 1.3042E-02     1
1.7100E-02 4.7664E-01 9.7326E-01 8.6358E-01 1.0676E-01  1.0000E+00 1.0000E+00 1.3223E-02     1
1.7100E-02 4.7741E-01 9.7812E-01 8.6692E-01 1.0828E-01  1.0000E+00 1.0000E+00 1.3406E-02     1
1.7100E-02 4.7817E-01 9.8301E-01 8.7029E-01 1.0980E-01  1.0000E+00 1.0000E+00 1.3589E-02     1
1.7100E-02 4.7894E-01 9.8797E-01 8.7371E-01 1.1135E-01  1.0000E+00 1.0000E+00 1.3774E-02     1
1.7100E-02 4.7971E-01 9.9304E-01 8.7722E-01 1.1291E-01  1.0000E+00 1.0000E+00 1.3962E-02     1
1.7100E-02 4.8047E-01 9.9819E-01 8.8080E-01 1.1449E-01  1.0000E+00 1.0000E+00 1.4151E-02     1
1.7100E-02 4.8124E-01 1.0035E+00 8.8445E-01 1.1611E-01  1.0000E+00 1.0000E+00 1.4345E-02     1
1.7100E-02 4.8201E-01 1.0088E+00 8.8820E-01 1.1774E-01  1.0000E+00 1.0000E+00 1.4541E-02     1
1.7100E-02 4.8278E-01 1.0143E+00 8.9204E-01 1.1938E-01  1.0000E+00 1.0000E+00 1.4738E-02     1
1.7100E-02 4.8354E-01 1.0199E+00 8.9598E-01 1.2106E-01  1.0000E+00 1.0000E+00 1.4940E-02     1
1.7100E-02 4.8431E-01 1.0257E+00 9.0003E-01 1.2276E-01  1.0000E+00 1.0000E+00 1.5144E-02     1
1.7100E-02 4.8508E-01 1.0315E+00 9.0419E-01 1.2446E-01  1.0000E+00 1.0000E+00 1.5348E-02     1
1.7100E-02 4.8584E-01 1.0376E+00 9.0850E-01 1.2619E-01  1.0000E+00 1.0000E+00 1.5556E-02     1
1.7100E-02 4.8661E-01 1.0439E+00 9.1300E-01 1.2797E-01  1.0000E+00 1.0000E+00 1.5770E-02     1
1.7100E-02 4.8738E-01 1.0503E+00 9.1768E-01 1.2976E-01  1.0000E+00 1.0000E+00 1.5986E-02     1
1.7100E-02 4.8815E-01 1.0569E+00 9.2248E-01 1.3157E-01  1.0000E+00 1.0000E+00 1.6203E-02     1
1.7100E-02 4.8891E-01 1.0637E+00 9.2746E-01 1.3340E-01  1.0000E+00 1.0000E+00 1.6424E-02     1
1.7100E-02 4.8968E-01 1.0708E+00 9.3262E-01 1.3526E-01  1.0000E+00 1.0000E+00 1.6648E-02     1
1.7100E-02 4.9045E-01 1.0781E+00 9.3806E-01 1.3717E-01  1.0000E+00 1.0000E+00 1.6878E-02     1
1.7100E-02 4.9122E-01 1.0857E+00 9.4374E-01 1.3910E-01  1.0000E+00 1.0000E+00 1.7111E-02     1
1.7100E-02 4.9198E-01 1.0935E+00 9.4959E-01 1.4105E-01  1.0000E+00 1.0000E+00 1.7345E-02     1
1.7100E-02 4.9275E-01 1.1017E+00 9.5573E-01 1.4305E-01  1.0000E+00 1.0000E+00 1.7586E-02     1
1.7100E-02 4.9352E-01 1.1101E+00 9.6215E-01 1.4507E-01  1.0000E+00 1.0000E+00 1.7830E-02     1
1.7100E-02 4.9428E-01 1.1189E+00 9.6883E-01 1.4711E-01  1.0000E+00 1.0000E+00 1.8076E-02     1
1.7100E-02 4.9505E-01 1.1280E+00 9.7587E-01 1.4921E-01  1.0000E+00 1.0000E+00 1.8330E-02     1
1.7100E-02 4.9582E-01 1.1375E+00 9.8322E-01 1.5134E-01  1.0000E+00 1.0000E+00 1.8587E-02     1
1.7100E-02 4.9659E-01 1.1473E+00 9.9084E-01 1.5348E-01  1.0000E+00 1.0000E+00 1.8846E-02     1
1.7100E-02 4.9735E-01 1.1576E+00 9.9890E-01 1.5569E-01  1.0000E+00 1.0000E+00 1.9113E-02     1
1.7100E-02 4.9812E-01 1.1683E+00 1.0073E+00 1.5793E-01  1.0000E+00 1.0000E+00 1.9385E-02     1
1.7100E-02 4.9889E-01 1.1792E+00 1.0160E+00 1.6019E-01  1.0000E+00 1.0000E+00 1.9658E-02     1
1.7100E-02 4.9965E-01 1.1906E+00 1.0250E+00 1.6249E-01  1.0000E+00 1.0000E+00 1.9936E-02     1
1.7100E-02 5.0042E-01 1.2025E+00 1.0346E+00 1.6485E-01  1.0000E+00 1.0000E+00 2.0223E-02     1
1.7100E-02 5.0119E-01 1.2147E+00 1.0444E+00 1.6725E-01  1.0000E+00 1.0000E+00 2.0514E-02     1
1.7100E-02 5.0196E-01 1.2273E+00 1.0545E+00 1.6967E-01  1.0000E+00 1.0000E+00 2.0807E-02     1
1.7100E-02 5.0272E-01 1.2405E+00 1.0652E+00 1.7217E-01  1.0000E+00 1.0000E+00 2.1110E-02     1
1.7100E-02 5.0349E-01 1.2541E+00 1.0762E+00 1.7469E-01  1.0000E+00 1.0000E+00 2.1416E-02     1
1.7100E-02 5.0426E-01 1.2679E+00 1.0875E+00 1.7725E-01  1.0000E+00 1.0000E+00 2.1726E-02     1
1.7100E-02 5.0502E-01 1.2824E+00 1.0994E+00 1.7988E-01  1.0000E+00 1.0000E+00 2.2045E-02     1
1.7100E-02 5.0579E-01 1.2974E+00 1.1116E+00 1.8254E-01  1.0000E+00 1.0000E+00 2.2369E-02     1
1.7100E-02 5.0656E-01 1.3126E+00 1.1241E+00 1.8524E-01  1.0000E+00 1.0000E+00 2.2697E-02     1
1.7100E-02 5.0733E-01 1.3285E+00 1.1372E+00 1.8801E-01  1.0000E+00 1.0000E+00 2.3034E-02     1
1.7100E-02 5.0809E-01 1.3449E+00 1.1507E+00 1.9083E-01  1.0000E+00 1.0000E+00 2.3376E-02     1
1.7100E-02 5.0886E-01 1.3615E+00 1.1645E+00 1.9367E-01  1.0000E+00 1.0000E+00 2.3722E-02     1
1.7100E-02 5.0963E-01 1.3789E+00 1.1790E+00 1.9660E-01  1.0000E+00 1.0000E+00 2.4079E-02     1
1.7100E-02 5.1039E-01 1.3968E+00 1.1938E+00 1.9959E-01  1.0000E+00 1.0000E+00 2.4442E-02     1
1.7100E-02 5.1116E-01 1.4150E+00 1.2090E+00 2.0259E-01  1.0000E+00 1.0000E+00 2.4807E-02     1
1.7100E-02 5.1193E-01 1.4339E+00 1.2247E+00 2.0569E-01  1.0000E+00 1.0000E+00 2.5185E-02     1
1.7100E-02 5.1270E-01 1.4533E+00 1.2409E+00 2.0885E-01  1.0000E+00 1.0000E+00 2.5569E-02     1
1.7100E-02 5.1346E-01 1.4731E+00 1.2575E+00 2.1202E-01  1.0000E+00 1.0000E+00 2.5956E-02     1
1.7100E-02 5.1423E-01 1.4936E+00 1.2747E+00 2.1530E-01  1.0000E+00 1.0000E+00 2.6355E-02     1
1.7100E-02 5.1500E-01 1.5146E+00 1.2923E+00 2.1864E-01  1.0000E+00 1.0000E+00 2.6761E-02     1
1.7100E-02 5.1576E-01 1.5361E+00 1.3103E+00 2.2201E-01  1.0000E+00 1.0000E+00 2.7172E-02     1
1.7100E-02 5.1653E-01 1.5583E+00 1.3291E+00 2.2548E-01  1.0000E+00 1.0000E+00 2.7595E-02     1
1.7100E-02 5.1730E-01 1.5811E+00 1.3482E+00 2.2902E-01  1.0000E+00 1.0000E+00 2.8026E-02     1
1.7100E-02 5.1807E-01 1.6043E+00 1.3678E+00 2.3259E-01  1.0000E+00 1.0000E+00 2.8462E-02     1
1.7100E-02 5.1883E-01 1.6283E+00 1.3881E+00 2.3629E-01  1.0000E+00 1.0000E+00 2.8912E-02     1
1.7100E-02 5.1960E-01 1.6529E+00 1.4088E+00 2.4003E-01  1.0000E+00 1.0000E+00 2.9369E-02     1
1.7100E-02 5.2037E-01 1.6782E+00 1.4302E+00 2.4387E-01  1.0000E+00 1.0000E+00 2.9837E-02     1
1.7100E-02 5.2113E-01 1.7040E+00 1.4521E+00 2.4778E-01  1.0000E+00 1.0000E+00 3.0314E-02     1
1.7100E-02 5.2190E-01 1.7303E+00 1.4744E+00 2.5173E-01  1.0000E+00 1.0000E+00 3.0796E-02     1
1.7100E-02 5.2267E-01 1.7575E+00 1.4975E+00 2.5581E-01  1.0000E+00 1.0000E+00 3.1294E-02     1
1.7100E-02 5.2344E-01 1.7854E+00 1.5211E+00 2.5997E-01  1.0000E+00 1.0000E+00 3.1801E-02     1
1.7100E-02 5.2420E-01 1.8137E+00 1.5451E+00 2.6417E-01  1.0000E+00 1.0000E+00 3.2314E-02     1
1.7100E-02 5.2497E-01 1.8430E+00 1.5700E+00 2.6852E-01  1.0000E+00 1.0000E+00 3.2845E-02     1
1.7100E-02 5.2574E-01 1.8729E+00 1.5954E+00 2.7295E-01  1.0000E+00 1.0000E+00 3.3385E-02     1
1.7100E-02 5.2651E-01 1.9033E+00 1.6213E+00 2.7743E-01  1.0000E+00 1.0000E+00 3.3932E-02     1
1.7100E-02 5.2727E-01 1.9348E+00 1.6481E+00 2.8205E-01  1.0000E+00 1.0000E+00 3.4497E-02     1
1.7100E-02 5.2804E-01 1.9669E+00 1.6754E+00 2.8677E-01  1.0000E+00 1.0000E+00 3.5072E-02     1
1.7100E-02 5.2881E-01 1.9995E+00 1.7032E+00 2.9155E-01  1.0000E+00 1.0000E+00 3.5656E-02     1
1.7100E-02 5.2957E-01 2.0334E+00 1.7319E+00 2.9650E-01  1.0000E+00 1.0000E+00 3.6259E-02     1
1.7100E-02 5.3034E-01 2.0677E+00 1.7612E+00 3.0153E-01  1.0000E+00 1.0000E+00 3.6873E-02     1
1.7100E-02 5.3111E-01 2.1030E+00 1.7912E+00 3.0668E-01  1.0000E+00 1.0000E+00 3.7503E-02     1
1.7100E-02 5.3188E-01 2.1390E+00 1.8219E+00 3.1195E-01  1.0000E+00 1.0000E+00 3.8145E-02     1
1.7100E-02 5.3264E-01 2.1757E+00 1.8531E+00 3.1728E-01  1.0000E+00 1.0000E+00 3.8797E-02     1
1.7100E-02 5.3341E-01 2.2136E+00 1.8854E+00 3.2281E-01  1.0000E+00 1.0000E+00 3.9471E-02     1
1.7100E-02 5.3418E-01 2.2523E+00 1.9184E+00 3.2843E-01  1.0000E+00 1.0000E+00 4.0158E-02     1
1.7100E-02 5.3494E-01 2.2921E+00 1.9523E+00 3.3422E-01  1.0000E+00 1.0000E+00 4.0864E-02     1
1.7100E-02 5.3571E-01 2.3327E+00 1.9869E+00 3.4011E-01  1.0000E+00 1.0000E+00 4.1584E-02     1
1.7100E-02 5.3648E-01 2.3744E+00 2.0225E+00 3.4617E-01  1.0000E+00 1.0000E+00 4.2323E-02     1
1.7100E-02 5.3725E-01 2.4170E+00 2.0588E+00 3.5234E-01  1.0000E+00 1.0000E+00 4.3077E-02     1
1.7100E-02 5.3801E-01 2.4604E+00 2.0958E+00 3.5862E-01  1.0000E+00 1.0000E+00 4.3844E-02     1
1.7100E-02 5.3878E-01 2.5054E+00 2.1342E+00 3.6514E-01  1.0000E+00 1.0000E+00 4.4639E-02     1
1.7100E-02 5.3955E-01 2.5514E+00 2.1734E+00 3.7177E-01  1.0000E+00 1.0000E+00 4.5449E-02     1
1.7100E-02 5.4031E-01 2.5982E+00 2.2134E+00 3.7851E-01  1.0000E+00 1.0000E+00 4.6272E-02     1
1.7100E-02 5.4108E-01 2.6468E+00 2.2549E+00 3.8551E-01  1.0000E+00 1.0000E+00 4.7126E-02     1
1.7100E-02 5.4185E-01 2.6964E+00 2.2972E+00 3.9265E-01  1.0000E+00 1.0000E+00 4.7998E-02     1
1.7100E-02 5.4262E-01 2.7474E+00 2.3407E+00 4.0000E-01  1.0000E+00 1.0000E+00 4.8895E-02     1
1.7100E-02 5.4338E-01 2.7997E+00 2.3854E+00 4.0750E-01  1.0000E+00 1.0000E+00 4.9812E-02     1
1.7100E-02 5.4415E-01 2.8529E+00 2.4308E+00 4.1513E-01  1.0000E+00 1.0000E+00 5.0743E-02     1
1.7100E-02 5.4492E-01 2.9082E+00 2.4780E+00 4.2307E-01  1.0000E+00 1.0000E+00 5.1712E-02     1
1.7100E-02 5.4568E-01 2.9647E+00 2.5263E+00 4.3115E-01  1.0000E+00 1.0000E+00 5.2699E-02     1
1.7100E-02 5.4645E-01 3.0229E+00 2.5761E+00 4.3948E-01  1.0000E+00 1.0000E+00 5.3716E-02     1
1.7100E-02 5.4722E-01 3.0824E+00 2.6269E+00 4.4798E-01  1.0000E+00 1.0000E+00 5.4754E-02     1
1.7100E-02 5.4799E-01 3.1439E+00 2.6794E+00 4.5675E-01  1.0000E+00 1.0000E+00 5.5824E-02     1
1.7100E-02 5.4875E-01 3.2068E+00 2.7333E+00 4.6572E-01  1.0000E+00 1.0000E+00 5.6920E-02     1
1.7100E-02 5.4952E-01 3.2717E+00 2.7887E+00 4.7496E-01  1.0000E+00 1.0000E+00 5.8049E-02     1
1.7100E-02 5.5029E-01 3.3381E+00 2.8455E+00 4.8443E-01  1.0000E+00 1.0000E+00 5.9205E-02     1
1.7100E-02 5.5105E-01 3.4061E+00 2.9037E+00 4.9410E-01  1.0000E+00 1.0000E+00 6.0386E-02     1
1.7100E-02 5.5182E-01 3.4768E+00 2.9641E+00 5.0414E-01  1.0000E+00 1.0000E+00 6.1612E-02     1
1.7100E-02 5.5259E-01 3.5492E+00 3.0261E+00 5.1440E-01  1.0000E+00 1.0000E+00 6.2866E-02     1
1.7100E-02 5.5336E-01 3.6232E+00 3.0894E+00 5.2489E-01  1.0000E+00 1.0000E+00 6.4146E-02     1
1.7100E-02 5.5412E-01 3.7001E+00 3.1553E+00 5.3579E-01  1.0000E+00 1.0000E+00 6.5478E-02     1
1.7100E-02 5.5489E-01 3.7789E+00 3.2227E+00 5.4694E-01  1.0000E+00 1.0000E+00 6.6841E-02     1
1.7100E-02 5.5566E-01 3.8604E+00 3.2924E+00 5.5848E-01  1.0000E+00 1.0000E+00 6.8249E-02     1
1.7100E-02 5.5642E-01 3.9440E+00 3.3640E+00 5.7029E-01  1.0000E+00 1.0000E+00 6.9691E-02     1
1.7100E-02 5.5719E-01 4.0304E+00 3.4380E+00 5.8249E-01  1.0000E+00 1.0000E+00 7.1181E-02     1
1.7100E-02 5.5796E-01 4.1191E+00 3.5140E+00 5.9500E-01  1.0000E+00 1.0000E+00 7.2709E-02     1
1.7100E-02 5.5873E-01 4.2100E+00 3.5918E+00 6.0780E-01  1.0000E+00 1.0000E+00 7.4273E-02     1
1.7100E-02 5.5949E-01 4.3047E+00 3.6730E+00 6.2114E-01  1.0000E+00 1.0000E+00 7.5903E-02     1
1.7100E-02 5.6026E-01 4.4020E+00 3.7563E+00 6.3483E-01  1.0000E+00 1.0000E+00 7.7574E-02     1
1.7100E-02 5.6103E-01 4.5029E+00 3.8429E+00 6.4901E-01  1.0000E+00 1.0000E+00 7.9307E-02     1
1.7100E-02 5.6180E-01 4.6063E+00 3.9315E+00 6.6353E-01  1.0000E+00 1.0000E+00 8.1080E-02     1
1.7100E-02 5.6256E-01 4.7136E+00 4.0234E+00 6.7858E-01  1.0000E+00 1.0000E+00 8.2918E-02     1
1.7100E-02 5.6333E-01 4.8240E+00 4.1181E+00 6.9402E-01  1.0000E+00 1.0000E+00 8.4805E-02     1
1.7100E-02 5.6410E-01 4.9372E+00 4.2152E+00 7.0985E-01  1.0000E+00 1.0000E+00 8.6739E-02     1
1.7100E-02 5.6486E-01 5.0554E+00 4.3166E+00 7.2640E-01  1.0000E+00 1.0000E+00 8.8759E-02     1
1.7100E-02 5.6563E-01 5.1770E+00 4.4209E+00 7.4333E-01  1.0000E+00 1.0000E+00 9.0828E-02     1
1.7100E-02 5.6640E-01 5.3031E+00 4.5291E+00 7.6092E-01  1.0000E+00 1.0000E+00 9.2976E-02     1
1.7100E-02 5.6717E-01 5.4328E+00 4.6404E+00 7.7896E-01  1.0000E+00 1.0000E+00 9.5181E-02     1
1.7100E-02 5.6793E-01 5.5677E+00 4.7562E+00 7.9769E-01  1.0000E+00 1.0000E+00 9.7470E-02     1
1.7100E-02 5.6870E-01 5.7066E+00 4.8755E+00 8.1694E-01  1.0000E+00 1.0000E+00 9.9822E-02     1
1.7100E-02 5.6947E-01 5.8507E+00 4.9993E+00 8.3693E-01  1.0000E+00 1.0000E+00 1.0226E-01     1
1.7100E-02 5.7023E-01 5.9993E+00 5.1270E+00 8.5746E-01  1.0000E+00 1.0000E+00 1.0477E-01     1
1.7100E-02 5.7100E-01 6.1540E+00 5.2599E+00 8.7883E-01  1.0000E+00 1.0000E+00 1.0738E-01     1
1.7100E-02 5.7177E-01 6.3131E+00 5.3966E+00 9.0077E-01  1.0000E+00 1.0000E+00 1.1007E-01     1
1.7100E-02 5.7254E-01 6.4769E+00 5.5375E+00 9.2331E-01  1.0000E+00 1.0000E+00 1.1282E-01     1
1.7100E-02 5.7330E-01 6.6481E+00 5.6847E+00 9.4685E-01  1.0000E+00 1.0000E+00 1.1570E-01     1
1.7100E-02 5.7407E-01 6.8248E+00 5.8367E+00 9.7108E-01  1.0000E+00 1.0000E+00 1.1866E-01     1
1.7100E-02 5.7484E-01 7.0086E+00 5.9948E+00 9.9626E-01  1.0000E+00 1.0000E+00 1.2173E-01     1
1.7100E-02 5.7560E-01 7.1976E+00 6.1575E+00 1.0221E+00  1.0000E+00 1.0000E+00 1.2490E-01     1
1.7100E-02 5.7637E-01 7.3925E+00 6.3253E+00 1.0487E+00  1.0000E+00 1.0000E+00 1.2814E-01     1
1.7100E-02 5.7714E-01 7.5965E+00 6.5009E+00 1.0765E+00  1.0000E+00 1.0000E+00 1.3155E-01     1
1.7100E-02 5.7791E-01 7.8062E+00 6.6815E+00 1.1051E+00  1.0000E+00 1.0000E+00 1.3504E-01     1
1.7100E-02 5.7867E-01 8.0245E+00 6.8696E+00 1.1348E+00  1.0000E+00 1.0000E+00 1.3867E-01     1
1.7100E-02 5.7944E-01 8.2494E+00 7.0634E+00 1.1653E+00  1.0000E+00 1.0000E+00 1.4240E-01     1
1.7100E-02 5.8021E-01 8.4839E+00 7.2654E+00 1.1972E+00  1.0000E+00 1.0000E+00 1.4629E-01     1
1.7100E-02 5.8097E-01 8.7251E+00 7.4733E+00 1.2298E+00  1.0000E+00 1.0000E+00 1.5028E-01     1
1.7100E-02 5.8174E-01 8.9768E+00 7.6903E+00 1.2639E+00  1.0000E+00 1.0000E+00 1.5445E-01     1
1.7100E-02 5.8251E-01 9.2360E+00 7.9139E+00 1.2989E+00  1.0000E+00 1.0000E+00 1.5872E-01     1
1.7100E-02 5.8328E-01 9.5029E+00 8.1441E+00 1.3348E+00  1.0000E+00 1.0000E+00 1.6312E-01     1
1.7100E-02 5.8404E-01 9.7819E+00 8.3849E+00 1.3724E+00  1.0000E+00 1.0000E+00 1.6771E-01     1
1.7100E-02 5.8481E-01 1.0069E+01 8.6323E+00 1.4109E+00  1.0000E+00 1.0000E+00 1.7243E-01     1
1.7100E-02 5.8558E-01 1.0367E+01 8.8900E+00 1.4511E+00  1.0000E+00 1.0000E+00 1.7734E-01     1
1.7100E-02 5.8634E-01 1.0674E+01 9.1551E+00 1.4922E+00  1.0000E+00 1.0000E+00 1.8237E-01     1
1.7100E-02 5.8711E-01 1.0994E+01 9.4311E+00 1.5350E+00  1.0000E+00 1.0000E+00 1.8760E-01     1
1.7100E-02 5.8788E-01 1.1322E+01 9.7147E+00 1.5789E+00  1.0000E+00 1.0000E+00 1.9297E-01     1
1.7100E-02 5.8865E-01 1.1663E+01 1.0009E+01 1.6245E+00  1.0000E+00 1.0000E+00 1.9854E-01     1
1.7100E-02 5.8941E-01 1.2014E+01 1.0312E+01 1.6713E+00  1.0000E+00 1.0000E+00 2.0426E-01     1
1.7100E-02 5.9018E-01 1.2374E+01 1.0623E+01 1.7192E+00  1.0000E+00 1.0000E+00 2.1012E-01     1
1.7100E-02 5.9095E-01 1.2750E+01 1.0948E+01 1.7691E+00  1.0000E+00 1.0000E+00 2.1622E-01     1
1.7100E-02 5.9171E-01 1.3134E+01 1.1280E+01 1.8201E+00  1.0000E+00 1.0000E+00 2.2247E-01     1
1.7100E-02 5.9248E-01 1.3532E+01 1.1625E+01 1.8730E+00  1.0000E+00 1.0000E+00 2.2893E-01     1
1.7100E-02 5.9325E-01 1.3940E+01 1.1977E+01 1.9269E+00  1.0000E+00 1.0000E+00 2.3552E-01     1
1.7100E-02 5.9402E-01 1.4362E+01 1.2342E+01 1.9826E+00  1.0000E+00 1.0000E+00 2.4234E-01     1
1.7100E-02 5.9478E-01 1.4792E+01 1.2714E+01 2.0395E+00  1.0000E+00 1.0000E+00 2.4929E-01     1
1.7100E-02 5.9555E-01 1.5236E+01 1.3099E+01 2.0980E+00  1.0000E+00 1.0000E+00 2.5646E-01     1
1.7100E-02 5.9632E-01 1.5689E+01 1.3491E+01 2.1576E+00  1.0000E+00 1.0000E+00 2.6374E-01     1
1.7100E-02 5.9709E-01 1.6155E+01 1.3894E+01 2.2187E+00  1.0000E+00 1.0000E+00 2.7122E-01     1
1.7100E-02 5.9785E-01 1.6627E+01 1.4303E+01 2.2806E+00  1.0000E+00 1.0000E+00 2.7879E-01     1
1.7100E-02 5.9862E-01 1.7107E+01 1.4719E+01 2.3434E+00  1.0000E+00 1.0000E+00 2.8647E-01     1
1.7100E-02 5.9939E-01 1.7601E+01 1.5147E+01 2.4079E+00  1.0000E+00 1.0000E+00 2.9436E-01     1
1.7100E-02 6.0015E-01 1.8097E+01 1.5578E+01 2.4726E+00  1.0000E+00 1.0000E+00 3.0228E-01     1
1.7100E-02 6.0092E-01 1.8604E+01 1.6017E+01 2.5387E+00  1.0000E+00 1.0000E+00 3.1036E-01     1
1.7100E-02 6.0169E-01 1.9113E+01 1.6459E+01 2.6046E+00  1.0000E+00 1.0000E+00 3.1843E-01     1
1.7100E-02 6.0246E-01 1.9628E+01 1.6906E+01 2.6714E+00  1.0000E+00 1.0000E+00 3.2661E-01     1
1.7100E-02 6.0322E-01 2.0141E+01 1.7351E+01 2.7377E+00  1.0000E+00 1.0000E+00 3.3472E-01     1
1.7100E-02 6.0399E-01 2.0658E+01 1.7800E+01 2.8042E+00  1.0000E+00 1.0000E+00 3.4286E-01     1
1.7100E-02 6.0476E-01 2.1169E+01 1.8244E+01 2.8700E+00  1.0000E+00 1.0000E+00 3.5090E-01     1
1.7100E-02 6.0552E-01 2.1680E+01 1.8688E+01 2.9354E+00  1.0000E+00 1.0000E+00 3.5891E-01     1
1.7100E-02 6.0629E-01 2.2179E+01 1.9122E+01 2.9991E+00  1.0000E+00 1.0000E+00 3.6670E-01     1
1.7100E-02 6.0706E-01 2.2674E+01 1.9552E+01 3.0621E+00  1.0000E+00 1.0000E+00 3.7442E-01     1
1.7100E-02 6.0783E-01 2.3152E+01 1.9969E+01 3.1227E+00  1.0000E+00 1.0000E+00 3.8184E-01     1
1.7100E-02 6.0859E-01 2.3619E+01 2.0375E+01 3.1816E+00  1.0000E+00 1.0000E+00 3.8906E-01     1
1.7100E-02 6.0936E-01 2.4065E+01 2.0764E+01 3.2376E+00  1.0000E+00 1.0000E+00 3.9590E-01     1
1.7100E-02 6.1013E-01 2.4488E+01 2.1133E+01 3.2902E+00  1.0000E+00 1.0000E+00 4.0235E-01     1
1.7100E-02 6.1089E-01 2.4892E+01 2.1486E+01 3.3404E+00  1.0000E+00 1.0000E+00 4.0848E-01     1
1.7100E-02 6.1166E-01 2.5266E+01 2.1813E+01 3.3862E+00  1.0000E+00 1.0000E+00 4.1410E-01     1
1.7100E-02 6.1243E-01 2.5613E+01 2.2117E+01 3.4285E+00  1.0000E+00 1.0000E+00 4.1929E-01     1
1.7100E-02 6.1320E-01 2.5924E+01 2.2390E+01 3.4660E+00  1.0000E+00 1.0000E+00 4.2387E-01     1
1.7100E-02 6.1396E-01 2.6199E+01 2.2632E+01 3.4982E+00  1.0000E+00 1.0000E+00 4.2782E-01     1
1.7100E-02 6.1473E-01 2.6440E+01 2.2844E+01 3.5262E+00  1.0000E+00 1.0000E+00 4.3126E-01     1
1.7100E-02 6.1550E-01 2.6637E+01 2.3019E+01 3.5482E+00  1.0000E+00 1.0000E+00 4.3395E-01     1
1.7100E-02 6.1626E-01 2.6795E+01 2.3159E+01 3.5649E+00  1.0000E+00 1.0000E+00 4.3601E-01     1
1.7100E-02 6.1703E-01 2.6908E+01 2.3261E+01 3.5755E+00  1.0000E+00 1.0000E+00 4.3732E-01     1
1.7100E-02 6.1780E-01 2.6978E+01 2.3325E+01 3.5805E+00  1.0000E+00 1.0000E+00 4.3794E-01     1
1.7100E-02 6.1857E-01 2.7001E+01 2.3350E+01 3.5794E+00  1.0000E+00 1.0000E+00 4.3780E-01     1
1.7100E-02 6.1933E-01 2.6981E+01 2.3337E+01 3.5727E+00  1.0000E+00 1.0000E+00 4.3700E-01     1
1.7100E-02 6.2010E-01 2.6915E+01 2.3284E+01 3.5598E+00  1.0000E+00 1.0000E+00 4.3543E-01     1
1.7100E-02 6.2087E-01 2.6805E+01 2.3192E+01 3.5411E+00  1.0000E+00 1.0000E+00 4.3315E-01     1
1.7100E-02 6.2163E-01 2.6653E+01 2.3065E+01 3.5170E+00  1.0000E+00 1.0000E+00 4.3021E-01     1
1.7100E-02 6.2240E-01 2.6460E+01 2.2901E+01 3.4875E+00  1.0000E+00 1.0000E+00 4.2661E-01     1
1.7100E-02 6.2317E-01 2.6224E+01 2.2702E+01 3.4525E+00  1.0000E+00 1.0000E+00 4.2233E-01     1
1.7100E-02 6.2394E-01 2.5955E+01 2.2472E+01 3.4132E+00  1.0000E+00 1.0000E+00 4.1753E-01     1
1.7100E-02 6.2470E-01 2.5647E+01 2.2209E+01 3.3689E+00  1.0000E+00 1.0000E+00 4.1212E-01     1
1.7100E-02 6.2547E-01 2.5311E+01 2.1922E+01 3.3209E+00  1.0000E+00 1.0000E+00 4.0627E-01     1
1.7100E-02 6.2624E-01 2.4940E+01 2.1604E+01 3.2685E+00  1.0000E+00 1.0000E+00 3.9986E-01     1
1.7100E-02 6.2700E-01 2.4548E+01 2.1268E+01 3.2134E+00  1.0000E+00 1.0000E+00 3.9314E-01     1
1.7100E-02 6.2777E-01 2.4129E+01 2.0909E+01 3.1551E+00  1.0000E+00 1.0000E+00 3.8599E-01     1
1.7100E-02 6.2854E-01 2.3692E+01 2.0534E+01 3.0941E+00  1.0000E+00 1.0000E+00 3.7855E-01     1
1.7100E-02 6.2931E-01 2.3234E+01 2.0140E+01 3.0308E+00  1.0000E+00 1.0000E+00 3.7082E-01     1
1.7100E-02 6.3007E-01 2.2766E+01 1.9739E+01 2.9662E+00  1.0000E+00 1.0000E+00 3.6292E-01     1
1.7100E-02 6.3084E-01 2.2283E+01 1.9323E+01 2.8996E+00  1.0000E+00 1.0000E+00 3.5479E-01     1
1.7100E-02 6.3161E-01 2.1794E+01 1.8903E+01 2.8326E+00  1.0000E+00 1.0000E+00 3.4660E-01     1
1.7100E-02 6.3238E-01 2.1301E+01 1.8478E+01 2.7649E+00  1.0000E+00 1.0000E+00 3.3832E-01     1
1.7100E-02 6.3314E-01 2.0799E+01 1.8046E+01 2.6965E+00  1.0000E+00 1.0000E+00 3.2995E-01     1
