 ** Au L=66nm d=20nm rod water 405:900nm
1 2 3 0 0 = columns for wave, Re(n), Im(n), eps1, eps2
wave(um) Re(n)  	Im(n)    		eps1  	 eps2
0.3002	1.10449	1.4609
0.30405	1.10246	1.46311
0.30791	1.10159	1.4642
0.31176	1.10222	1.46405
0.31561	1.10217	1.46278
0.31946	1.09907	1.46054
0.32331	1.09106	1.4574
0.32716	1.07939	1.45322
0.33101	1.06633	1.4477
0.33485	1.05412	1.44059
0.3387	1.04457	1.43169
0.34255	1.03621	1.42135
0.34639	1.02626	1.41013
0.35024	1.01192	1.39858
0.35408	0.99058	1.38732
0.35792	0.96136	1.37799
0.36177	0.92431	1.37272
0.36561	0.87951	1.37368
0.36945	0.82699	1.383
0.37329	0.76708	1.40245
0.37713	0.7026	1.43125
0.38097	0.63744	1.46758
0.38482	0.5756	1.50968
0.38866	0.52111	1.55576
0.3925	0.47751	1.60417
0.39634	0.44427	1.65399
0.40018	0.41907	1.70458
0.40401	0.39954	1.75528
0.40786	0.3833	1.80545
0.4117	0.36796	1.85444
0.41553	0.35204	1.9019
0.41937	0.33578	1.94811
0.42321	0.31956	1.99338
0.42705	0.30377	2.03803
0.43089	0.28882	2.08239
0.43473	0.27511	2.12677
0.43857	0.263	2.17148
0.4424	0.25252	2.21649
0.44624	0.24339	2.26158
0.45008	0.23533	2.30648
0.45392	0.22808	2.35093
0.45776	0.22134	2.39464
0.4616	0.21482	2.43737
0.46544	0.20827	2.47888
0.46928	0.20165	2.51913
0.47312	0.19507	2.55828
0.47695	0.18869	2.59642
0.4808	0.18263	2.63372
0.48463	0.17701	2.67028
0.48847	0.17198	2.70628
0.49231	0.16767	2.74181
0.49614	0.1642	2.77703
0.49998	0.16167	2.81204
0.50381	0.15999	2.84684
0.50764	0.15905	2.88145
0.51148	0.15875	2.91585
0.51531	0.15897	2.95003
0.51914	0.15962	2.984
0.52297	0.16059	3.01774
0.52681	0.16176	3.05127
0.53064	0.16303	3.08456
0.53447	0.16432	3.1176
0.5383	0.16562	3.15044
0.54213	0.16695	3.18308
0.54596	0.16831	3.21553
0.54978	0.16971	3.2478
0.55362	0.17116	3.27996
0.55744	0.17268	3.31196
0.56127	0.17427	3.34387
0.5651	0.17593	3.37566
0.56893	0.17769	3.40737
0.57276	0.17954	3.43904
0.57659	0.18149	3.47066
0.58041	0.18349	3.50222
0.58424	0.18556	3.53376
0.58807	0.18765	3.56526
0.5919	0.18975	3.59673
0.59572	0.19185	3.62818
0.59955	0.19393	3.65964
0.60338	0.19596	3.69108
0.6072	0.19793	3.72252
0.61103	0.19983	3.75398
0.61486	0.20162	3.78548
0.61869	0.20331	3.81697
0.62252	0.20485	3.84852
0.62634	0.20628	3.88006
0.63017	0.2076	3.9116
0.634	0.20886	3.94313
0.63782	0.21007	3.97459
0.64165	0.21126	4.00598
0.64548	0.21244	4.03727
0.64931	0.21365	4.06844
0.65314	0.21492	4.09945
0.65697	0.21626	4.1303
0.6608	0.21769	4.16093
0.66463	0.21924	4.19138
0.66845	0.22094	4.22154
0.67229	0.22282	4.25149
0.67612	0.22489	4.28113
0.67994	0.22715	4.31048