 DDSCAT --- DDSCAT 7.1.0 [10.03.03]   
 TARGET --- Cyl.prism, NAT=  20856 NFAC= 316 NLAY=  66 asp.ratio= 3.2904      
 GPFAFT --- method of solution 
 GKDLDR --- prescription for polarizabilities
 CYLINDER1 --- shape 
  20856 = NAT0 = number of dipoles
 ../diel/Au_rod_in_water                                     
   0.000   0.000 = beta_min, beta_max ;  NBETA = 1
   0.000  90.000 = theta_min, theta_max; NTHETA= 2
   0.000  90.000 = phi_min, phi_max   ;   NPHI = 2
 Results averaged over    4 target orientations
                   and  2 incident polarizations
   aeff       wave       Q_pha       Q_pol       Q_cpol
1.7100E-02 3.0020E-01  2.0548E-01 -4.7684E-07 -1.7881E-07
1.7100E-02 3.0404E-01  2.0350E-01 -4.7684E-07 -1.7881E-07
1.7100E-02 3.0787E-01  2.0166E-01 -4.7684E-07 -1.6391E-07
1.7100E-02 3.1171E-01  2.0000E-01 -4.7684E-07 -1.6391E-07
1.7100E-02 3.1554E-01  1.9810E-01 -5.9605E-07 -1.7881E-07
1.7100E-02 3.1938E-01  1.9547E-01 -4.7684E-07 -1.4901E-07
1.7100E-02 3.2321E-01  1.9177E-01 -4.7684E-07 -1.4901E-07
1.7100E-02 3.2705E-01  1.8725E-01 -5.9605E-07 -8.9407E-08
1.7100E-02 3.3089E-01  1.8236E-01 -5.9605E-07 -1.4901E-08
1.7100E-02 3.3472E-01  1.7750E-01 -7.1526E-07  2.9802E-08
1.7100E-02 3.3856E-01  1.7298E-01 -5.9605E-07  5.9605E-08
1.7100E-02 3.4239E-01  1.6854E-01 -4.7684E-07  1.1921E-07
1.7100E-02 3.4623E-01  1.6371E-01 -4.7684E-07  1.4901E-07
1.7100E-02 3.5006E-01  1.5808E-01 -2.3842E-07  1.7881E-07
1.7100E-02 3.5390E-01  1.5126E-01 -2.3842E-07  2.0862E-07
1.7100E-02 3.5774E-01  1.4345E-01  1.7881E-07  2.5332E-07
1.7100E-02 3.6157E-01  1.3525E-01  3.5763E-07  2.5332E-07
1.7100E-02 3.6541E-01  1.2748E-01  8.3447E-07  0.0000E+00
1.7100E-02 3.6924E-01  1.2132E-01  0.0000E+00  1.3411E-07
1.7100E-02 3.7308E-01  1.1829E-01  0.0000E+00  3.1292E-07
1.7100E-02 3.7692E-01  1.1983E-01 -5.9605E-07  1.3411E-07
1.7100E-02 3.8075E-01  1.2646E-01 -4.7684E-07 -2.9802E-08
1.7100E-02 3.8459E-01  1.3704E-01  0.0000E+00 -2.9802E-08
1.7100E-02 3.8842E-01  1.4866E-01 -1.1921E-07  1.1921E-07
1.7100E-02 3.9226E-01  1.5791E-01 -2.3842E-07  7.4506E-08
1.7100E-02 3.9609E-01  1.6353E-01 -1.1921E-07 -7.4506E-08
1.7100E-02 3.9993E-01  1.6648E-01 -1.1921E-07  5.9605E-08
1.7100E-02 4.0377E-01  1.6825E-01  5.9605E-08  2.2352E-07
1.7100E-02 4.0760E-01  1.6967E-01 -1.1921E-07  1.7881E-07
1.7100E-02 4.1144E-01  1.7079E-01 -2.3842E-07 -1.4901E-08
1.7100E-02 4.1527E-01  1.7112E-01  0.0000E+00 -1.6391E-07
1.7100E-02 4.1911E-01  1.6966E-01 -1.1921E-07 -7.4506E-08
1.7100E-02 4.2294E-01  1.6521E-01  5.3644E-07 -2.9802E-07
1.7100E-02 4.2678E-01  1.5677E-01  4.7684E-07  2.5332E-07
1.7100E-02 4.3062E-01  1.4375E-01 -1.7881E-07 -8.9407E-08
1.7100E-02 4.3445E-01  1.2609E-01 -1.7881E-07 -1.4901E-08
1.7100E-02 4.3829E-01  1.0408E-01  4.1723E-07 -2.6077E-07
1.7100E-02 4.4212E-01  7.8245E-02  4.1723E-07  2.3097E-07
1.7100E-02 4.4596E-01  4.9346E-02 -8.3447E-07  1.4156E-07
1.7100E-02 4.4979E-01  1.7980E-02  2.3842E-07 -1.4901E-08
1.7100E-02 4.5363E-01 -1.5246E-02  8.3447E-07  2.3097E-07
1.7100E-02 4.5747E-01 -4.9742E-02 -5.9605E-08  1.7881E-07
1.7100E-02 4.6130E-01 -8.5020E-02 -2.6822E-07 -2.4587E-07
1.7100E-02 4.6514E-01 -1.2066E-01  0.0000E+00 -2.3097E-07
1.7100E-02 4.6897E-01 -1.5643E-01 -5.0664E-07  1.0431E-07
1.7100E-02 4.7281E-01 -1.9236E-01 -2.3842E-07 -1.4901E-08
1.7100E-02 4.7664E-01 -2.2860E-01  2.0862E-07  4.4703E-08
1.7100E-02 4.8048E-01 -2.6507E-01 -1.4901E-07 -1.1921E-07
1.7100E-02 4.8432E-01 -3.0223E-01  3.8743E-07 -8.9407E-08
1.7100E-02 4.8815E-01 -3.4000E-01 -1.7881E-07  1.7881E-07
1.7100E-02 4.9199E-01 -3.7849E-01 -2.0862E-07 -2.6822E-07
1.7100E-02 4.9582E-01 -4.1801E-01  3.5763E-07  1.1921E-07
1.7100E-02 4.9966E-01 -4.5864E-01 -5.9605E-07 -5.9605E-08
1.7100E-02 5.0350E-01 -5.0081E-01  8.3447E-07  0.0000E+00
1.7100E-02 5.0733E-01 -5.4467E-01  5.9605E-08 -3.5763E-07
1.7100E-02 5.1117E-01 -5.9021E-01 -4.1723E-07  4.1723E-07
1.7100E-02 5.1500E-01 -6.3768E-01 -2.3842E-07 -5.3644E-07
1.7100E-02 5.1884E-01 -6.8709E-01  8.9407E-07 -2.3842E-07
1.7100E-02 5.2267E-01 -7.3858E-01 -5.3644E-07  5.9605E-08
1.7100E-02 5.2651E-01 -7.9234E-01 -1.1325E-06 -4.1723E-07
1.7100E-02 5.3035E-01 -8.4898E-01  0.0000E+00  0.0000E+00
1.7100E-02 5.3418E-01 -9.0885E-01 -1.0133E-06  1.1921E-07
1.7100E-02 5.3802E-01 -9.7242E-01  2.3842E-07 -7.1526E-07
1.7100E-02 5.4185E-01 -1.0400E+00  1.0729E-06 -1.1921E-07
1.7100E-02 5.4569E-01 -1.1118E+00 -8.3447E-07  2.3842E-07
1.7100E-02 5.4952E-01 -1.1881E+00 -2.3842E-07 -1.1921E-07
1.7100E-02 5.5336E-01 -1.2687E+00  8.3447E-07  0.0000E+00
1.7100E-02 5.5720E-01 -1.3539E+00  2.3842E-07 -1.1921E-07
1.7100E-02 5.6103E-01 -1.4429E+00 -1.1921E-07 -1.1921E-07
1.7100E-02 5.6487E-01 -1.5350E+00  0.0000E+00 -2.3842E-07
1.7100E-02 5.6870E-01 -1.6283E+00  4.7684E-07  3.5763E-07
1.7100E-02 5.7254E-01 -1.7205E+00  0.0000E+00 -2.3842E-07
1.7100E-02 5.7637E-01 -1.8068E+00  2.3842E-07 -4.7684E-07
1.7100E-02 5.8021E-01 -1.8810E+00  1.9073E-06 -1.1921E-07
1.7100E-02 5.8405E-01 -1.9323E+00  9.5367E-07  3.5763E-07
1.7100E-02 5.8788E-01 -1.9466E+00 -1.4305E-06  2.3842E-07
1.7100E-02 5.9172E-01 -1.9036E+00  0.0000E+00 -7.1526E-07
1.7100E-02 5.9555E-01 -1.7768E+00  3.3379E-06 -5.9605E-07
