 DDSCAT --- DDSCAT 7.1.0 [10.03.03]   
 TARGET --- Cyl.prism, NAT=  20856 NFAC= 316 NLAY=  66 asp.ratio= 3.2904      
 GPFAFT --- method of solution 
 GKDLDR --- prescription for polarizabilities
 CYLINDER1 --- shape 
  20856 = NAT0 = number of dipoles
 ../diel/Au_rod_in_water                                     
   0.000   0.000 = beta_min, beta_max ;  NBETA = 1
   0.000  90.000 = theta_min, theta_max; NTHETA= 2
   0.000  90.000 = phi_min, phi_max   ;   NPHI = 2
20.0000 = ETASCA (param. controlling # of scatt. dirs used to calculate <cos> etc.
 Results averaged over    4 target orientations
                   and  2 incident polarizations
   aeff       wave       Q_ext     Q_abs      Q_sca     g(1)=<cos>  <cos^2>    Q_bk       Nsca
1.7100E-02 3.0020E-01 1.1584E+00 1.1180E+00 3.4636E-02  1.0000E+00 1.0000E+00 4.8462E-03     1
1.7100E-02 3.0404E-01 1.1455E+00 1.1068E+00 3.2970E-02  1.0000E+00 1.0000E+00 4.6284E-03     1
1.7100E-02 3.0787E-01 1.1322E+00 1.0952E+00 3.1342E-02  1.0000E+00 1.0000E+00 4.4157E-03     1
1.7100E-02 3.1171E-01 1.1183E+00 1.0830E+00 2.9748E-02  1.0000E+00 1.0000E+00 4.2073E-03     1
1.7100E-02 3.1554E-01 1.1044E+00 1.0707E+00 2.8210E-02  1.0000E+00 1.0000E+00 4.0060E-03     1
1.7100E-02 3.1938E-01 1.0912E+00 1.0590E+00 2.6753E-02  1.0000E+00 1.0000E+00 3.8149E-03     1
1.7100E-02 3.2321E-01 1.0791E+00 1.0484E+00 2.5386E-02  1.0000E+00 1.0000E+00 3.6356E-03     1
1.7100E-02 3.2705E-01 1.0679E+00 1.0385E+00 2.4100E-02  1.0000E+00 1.0000E+00 3.4662E-03     1
1.7100E-02 3.3089E-01 1.0568E+00 1.0288E+00 2.2866E-02  1.0000E+00 1.0000E+00 3.3032E-03     1
1.7100E-02 3.3472E-01 1.0453E+00 1.0186E+00 2.1661E-02  1.0000E+00 1.0000E+00 3.1433E-03     1
1.7100E-02 3.3856E-01 1.0328E+00 1.0074E+00 2.0467E-02  1.0000E+00 1.0000E+00 2.9840E-03     1
1.7100E-02 3.4239E-01 1.0197E+00 9.9564E-01 1.9305E-02  1.0000E+00 1.0000E+00 2.8280E-03     1
1.7100E-02 3.4623E-01 1.0070E+00 9.8423E-01 1.8209E-02  1.0000E+00 1.0000E+00 2.6801E-03     1
1.7100E-02 3.5006E-01 9.9586E-01 9.7420E-01 1.7215E-02  1.0000E+00 1.0000E+00 2.5450E-03     1
1.7100E-02 3.5390E-01 9.8732E-01 9.6665E-01 1.6353E-02  1.0000E+00 1.0000E+00 2.4275E-03     1
1.7100E-02 3.5774E-01 9.8257E-01 9.6268E-01 1.5669E-02  1.0000E+00 1.0000E+00 2.3338E-03     1
1.7100E-02 3.6157E-01 9.8266E-01 9.6326E-01 1.5211E-02  1.0000E+00 1.0000E+00 2.2710E-03     1
1.7100E-02 3.6541E-01 9.8855E-01 9.6930E-01 1.5030E-02  1.0000E+00 1.0000E+00 2.2462E-03     1
1.7100E-02 3.6924E-01 1.0008E+00 9.8124E-01 1.5180E-02  1.0000E+00 1.0000E+00 2.2670E-03     1
1.7100E-02 3.7308E-01 1.0188E+00 9.9844E-01 1.5712E-02  1.0000E+00 1.0000E+00 2.3395E-03     1
1.7100E-02 3.7692E-01 1.0389E+00 1.0173E+00 1.6584E-02  1.0000E+00 1.0000E+00 2.4564E-03     1
1.7100E-02 3.8075E-01 1.0556E+00 1.0324E+00 1.7675E-02  1.0000E+00 1.0000E+00 2.5986E-03     1
1.7100E-02 3.8459E-01 1.0628E+00 1.0380E+00 1.8792E-02  1.0000E+00 1.0000E+00 2.7382E-03     1
1.7100E-02 3.8842E-01 1.0574E+00 1.0311E+00 1.9735E-02  1.0000E+00 1.0000E+00 2.8481E-03     1
1.7100E-02 3.9226E-01 1.0410E+00 1.0137E+00 2.0357E-02  1.0000E+00 1.0000E+00 2.9112E-03     1
1.7100E-02 3.9609E-01 1.0194E+00 9.9136E-01 2.0715E-02  1.0000E+00 1.0000E+00 2.9383E-03     1
1.7100E-02 3.9993E-01 9.9655E-01 9.6805E-01 2.0950E-02  1.0000E+00 1.0000E+00 2.9495E-03     1
1.7100E-02 4.0377E-01 9.7340E-01 9.4443E-01 2.1172E-02  1.0000E+00 1.0000E+00 2.9581E-03     1
1.7100E-02 4.0760E-01 9.4851E-01 9.1906E-01 2.1415E-02  1.0000E+00 1.0000E+00 2.9675E-03     1
1.7100E-02 4.1144E-01 9.1994E-01 8.8997E-01 2.1694E-02  1.0000E+00 1.0000E+00 2.9778E-03     1
1.7100E-02 4.1527E-01 8.8631E-01 8.5580E-01 2.2003E-02  1.0000E+00 1.0000E+00 2.9867E-03     1
1.7100E-02 4.1911E-01 8.4713E-01 8.1610E-01 2.2305E-02  1.0000E+00 1.0000E+00 2.9892E-03     1
1.7100E-02 4.2294E-01 8.0283E-01 7.7135E-01 2.2582E-02  1.0000E+00 1.0000E+00 2.9826E-03     1
1.7100E-02 4.2678E-01 7.5507E-01 7.2320E-01 2.2823E-02  1.0000E+00 1.0000E+00 2.9667E-03     1
1.7100E-02 4.3062E-01 7.0630E-01 6.7409E-01 2.3041E-02  1.0000E+00 1.0000E+00 2.9438E-03     1
1.7100E-02 4.3445E-01 6.5908E-01 6.2656E-01 2.3259E-02  1.0000E+00 1.0000E+00 2.9189E-03     1
1.7100E-02 4.3829E-01 6.1549E-01 5.8260E-01 2.3524E-02  1.0000E+00 1.0000E+00 2.8986E-03     1
1.7100E-02 4.4212E-01 5.7672E-01 5.4331E-01 2.3892E-02  1.0000E+00 1.0000E+00 2.8909E-03     1
1.7100E-02 4.4596E-01 5.4345E-01 5.0935E-01 2.4411E-02  1.0000E+00 1.0000E+00 2.9028E-03     1
1.7100E-02 4.4979E-01 5.1584E-01 4.8084E-01 2.5125E-02  1.0000E+00 1.0000E+00 2.9398E-03     1
1.7100E-02 4.5363E-01 4.9386E-01 4.5773E-01 2.6055E-02  1.0000E+00 1.0000E+00 3.0041E-03     1
1.7100E-02 4.5747E-01 4.7707E-01 4.3959E-01 2.7203E-02  1.0000E+00 1.0000E+00 3.0948E-03     1
1.7100E-02 4.6130E-01 4.6479E-01 4.2577E-01 2.8568E-02  1.0000E+00 1.0000E+00 3.2104E-03     1
1.7100E-02 4.6514E-01 4.5618E-01 4.1540E-01 3.0144E-02  1.0000E+00 1.0000E+00 3.3487E-03     1
1.7100E-02 4.6897E-01 4.5054E-01 4.0783E-01 3.1933E-02  1.0000E+00 1.0000E+00 3.5080E-03     1
1.7100E-02 4.7281E-01 4.4748E-01 4.0264E-01 3.3944E-02  1.0000E+00 1.0000E+00 3.6883E-03     1
1.7100E-02 4.7664E-01 4.4679E-01 3.9961E-01 3.6194E-02  1.0000E+00 1.0000E+00 3.8903E-03     1
1.7100E-02 4.8048E-01 4.4841E-01 3.9868E-01 3.8669E-02  1.0000E+00 1.0000E+00 4.1124E-03     1
1.7100E-02 4.8432E-01 4.5255E-01 4.0003E-01 4.1408E-02  1.0000E+00 1.0000E+00 4.3584E-03     1
1.7100E-02 4.8815E-01 4.5954E-01 4.0399E-01 4.4398E-02  1.0000E+00 1.0000E+00 4.6281E-03     1
1.7100E-02 4.9199E-01 4.6969E-01 4.1084E-01 4.7658E-02  1.0000E+00 1.0000E+00 4.9243E-03     1
1.7100E-02 4.9582E-01 4.8337E-01 4.2087E-01 5.1241E-02  1.0000E+00 1.0000E+00 5.2529E-03     1
1.7100E-02 4.9966E-01 5.0101E-01 4.3446E-01 5.5176E-02  1.0000E+00 1.0000E+00 5.6179E-03     1
1.7100E-02 5.0350E-01 5.2300E-01 4.5194E-01 5.9537E-02  1.0000E+00 1.0000E+00 6.0267E-03     1
1.7100E-02 5.0733E-01 5.4980E-01 4.7371E-01 6.4359E-02  1.0000E+00 1.0000E+00 6.4836E-03     1
1.7100E-02 5.1117E-01 5.8186E-01 5.0019E-01 6.9654E-02  1.0000E+00 1.0000E+00 6.9913E-03     1
1.7100E-02 5.1500E-01 6.1977E-01 5.3188E-01 7.5500E-02  1.0000E+00 1.0000E+00 7.5577E-03     1
1.7100E-02 5.1884E-01 6.6387E-01 5.6907E-01 8.1952E-02  1.0000E+00 1.0000E+00 8.1885E-03     1
1.7100E-02 5.2267E-01 7.1438E-01 6.1189E-01 8.9096E-02  1.0000E+00 1.0000E+00 8.8915E-03     1
1.7100E-02 5.2651E-01 7.7148E-01 6.6041E-01 9.7036E-02  1.0000E+00 1.0000E+00 9.6760E-03     1
1.7100E-02 5.3035E-01 8.3595E-01 7.1522E-01 1.0596E-01  1.0000E+00 1.0000E+00 1.0560E-02     1
1.7100E-02 5.3418E-01 9.0854E-01 7.7692E-01 1.1603E-01  1.0000E+00 1.0000E+00 1.1558E-02     1
1.7100E-02 5.3802E-01 9.9089E-01 8.4690E-01 1.2747E-01  1.0000E+00 1.0000E+00 1.2692E-02     1
1.7100E-02 5.4185E-01 1.0851E+00 9.2701E-01 1.4049E-01  1.0000E+00 1.0000E+00 1.3987E-02     1
1.7100E-02 5.4569E-01 1.1936E+00 1.0193E+00 1.5539E-01  1.0000E+00 1.0000E+00 1.5471E-02     1
1.7100E-02 5.4952E-01 1.3196E+00 1.1267E+00 1.7258E-01  1.0000E+00 1.0000E+00 1.7187E-02     1
1.7100E-02 5.5336E-01 1.4659E+00 1.2515E+00 1.9237E-01  1.0000E+00 1.0000E+00 1.9167E-02     1
1.7100E-02 5.5720E-01 1.6381E+00 1.3986E+00 2.1548E-01  1.0000E+00 1.0000E+00 2.1483E-02     1
1.7100E-02 5.6103E-01 1.8406E+00 1.5718E+00 2.4243E-01  1.0000E+00 1.0000E+00 2.4189E-02     1
1.7100E-02 5.6487E-01 2.0800E+00 1.7768E+00 2.7403E-01  1.0000E+00 1.0000E+00 2.7368E-02     1
1.7100E-02 5.6870E-01 2.3642E+00 2.0205E+00 3.1123E-01  1.0000E+00 1.0000E+00 3.1118E-02     1
1.7100E-02 5.7254E-01 2.7028E+00 2.3112E+00 3.5523E-01  1.0000E+00 1.0000E+00 3.5559E-02     1
1.7100E-02 5.7637E-01 3.1065E+00 2.6582E+00 4.0727E-01  1.0000E+00 1.0000E+00 4.0820E-02     1
1.7100E-02 5.8021E-01 3.5876E+00 3.0720E+00 4.6895E-01  1.0000E+00 1.0000E+00 4.7065E-02     1
1.7100E-02 5.8405E-01 4.1556E+00 3.5612E+00 5.4132E-01  1.0000E+00 1.0000E+00 5.4405E-02     1
1.7100E-02 5.8788E-01 4.8196E+00 4.1334E+00 6.2558E-01  1.0000E+00 1.0000E+00 6.2962E-02     1
1.7100E-02 5.9172E-01 5.5807E+00 4.7899E+00 7.2179E-01  1.0000E+00 1.0000E+00 7.2751E-02     1
1.7100E-02 5.9555E-01 6.4266E+00 5.5201E+00 8.2835E-01  1.0000E+00 1.0000E+00 8.3613E-02     1
