 DDSCAT --- DDSCAT 7.1.0 [10.03.03]   
 TARGET --- Cyl.prism, NAT=   2640 NFAC=  80 NLAY=  33 asp.ratio= 3.2697      
 GPFAFT --- method of solution 
 GKDLDR --- prescription for polarizabilities
 CYLINDER1 --- shape 
   2640 = NAT0 = number of dipoles
 ../diel/Au_rod_in_water                                     
 wave(um)   f(cm-1)     Re(m)     Im(m)    Re(eps)   Im(eps)
2.9712E-01 3.3656E+04 1.106E+00 1.459E+00-9.051E-01 3.225E+00
2.9789E-01 3.3570E+04 1.105E+00 1.459E+00-9.072E-01 3.226E+00
2.9865E-01 3.3484E+04 1.105E+00 1.460E+00-9.095E-01 3.227E+00
2.9942E-01 3.3398E+04 1.105E+00 1.460E+00-9.119E-01 3.227E+00
3.0019E-01 3.3312E+04 1.104E+00 1.461E+00-9.143E-01 3.227E+00
3.0096E-01 3.3227E+04 1.104E+00 1.461E+00-9.167E-01 3.227E+00
3.0172E-01 3.3143E+04 1.104E+00 1.462E+00-9.190E-01 3.227E+00
3.0249E-01 3.3059E+04 1.103E+00 1.462E+00-9.212E-01 3.227E+00
3.0326E-01 3.2975E+04 1.103E+00 1.463E+00-9.233E-01 3.226E+00
3.0402E-01 3.2892E+04 1.102E+00 1.463E+00-9.252E-01 3.226E+00
3.0479E-01 3.2809E+04 1.102E+00 1.463E+00-9.269E-01 3.226E+00
3.0556E-01 3.2727E+04 1.102E+00 1.464E+00-9.282E-01 3.226E+00
3.0633E-01 3.2645E+04 1.102E+00 1.464E+00-9.293E-01 3.226E+00
3.0709E-01 3.2563E+04 1.102E+00 1.464E+00-9.300E-01 3.226E+00
3.0786E-01 3.2482E+04 1.102E+00 1.464E+00-9.304E-01 3.226E+00
3.0863E-01 3.2402E+04 1.102E+00 1.464E+00-9.305E-01 3.226E+00
3.0939E-01 3.2321E+04 1.102E+00 1.464E+00-9.302E-01 3.227E+00
3.1016E-01 3.2241E+04 1.102E+00 1.464E+00-9.299E-01 3.227E+00
3.1093E-01 3.2162E+04 1.102E+00 1.464E+00-9.293E-01 3.227E+00
3.1170E-01 3.2083E+04 1.102E+00 1.464E+00-9.286E-01 3.227E+00
3.1246E-01 3.2004E+04 1.102E+00 1.464E+00-9.279E-01 3.227E+00
3.1323E-01 3.1925E+04 1.102E+00 1.464E+00-9.271E-01 3.227E+00
3.1400E-01 3.1847E+04 1.102E+00 1.463E+00-9.263E-01 3.227E+00
3.1477E-01 3.1770E+04 1.102E+00 1.463E+00-9.256E-01 3.226E+00
3.1553E-01 3.1692E+04 1.102E+00 1.463E+00-9.250E-01 3.225E+00
3.1630E-01 3.1616E+04 1.102E+00 1.462E+00-9.245E-01 3.223E+00
3.1707E-01 3.1539E+04 1.101E+00 1.462E+00-9.243E-01 3.221E+00
3.1783E-01 3.1463E+04 1.101E+00 1.462E+00-9.243E-01 3.218E+00
3.1860E-01 3.1387E+04 1.100E+00 1.461E+00-9.245E-01 3.215E+00
3.1937E-01 3.1312E+04 1.099E+00 1.461E+00-9.251E-01 3.211E+00
3.2014E-01 3.1237E+04 1.098E+00 1.460E+00-9.261E-01 3.206E+00
3.2090E-01 3.1162E+04 1.097E+00 1.459E+00-9.274E-01 3.201E+00
3.2167E-01 3.1088E+04 1.095E+00 1.459E+00-9.291E-01 3.195E+00
3.2244E-01 3.1014E+04 1.093E+00 1.458E+00-9.311E-01 3.188E+00
3.2320E-01 3.0940E+04 1.091E+00 1.458E+00-9.333E-01 3.181E+00
3.2397E-01 3.0867E+04 1.089E+00 1.457E+00-9.357E-01 3.174E+00
3.2474E-01 3.0794E+04 1.087E+00 1.456E+00-9.383E-01 3.165E+00
3.2551E-01 3.0721E+04 1.085E+00 1.455E+00-9.409E-01 3.157E+00
3.2627E-01 3.0649E+04 1.082E+00 1.454E+00-9.436E-01 3.148E+00
3.2704E-01 3.0577E+04 1.080E+00 1.453E+00-9.463E-01 3.139E+00
3.2781E-01 3.0506E+04 1.077E+00 1.452E+00-9.490E-01 3.129E+00
3.2857E-01 3.0435E+04 1.075E+00 1.451E+00-9.516E-01 3.119E+00
3.2934E-01 3.0364E+04 1.072E+00 1.450E+00-9.541E-01 3.109E+00
3.3011E-01 3.0293E+04 1.069E+00 1.449E+00-9.564E-01 3.099E+00
3.3088E-01 3.0223E+04 1.067E+00 1.448E+00-9.584E-01 3.089E+00
3.3164E-01 3.0153E+04 1.064E+00 1.447E+00-9.603E-01 3.079E+00
3.3241E-01 3.0083E+04 1.062E+00 1.445E+00-9.618E-01 3.069E+00
3.3318E-01 3.0014E+04 1.059E+00 1.444E+00-9.630E-01 3.059E+00
3.3394E-01 2.9945E+04 1.057E+00 1.442E+00-9.637E-01 3.049E+00
3.3471E-01 2.9876E+04 1.055E+00 1.441E+00-9.641E-01 3.039E+00
3.3548E-01 2.9808E+04 1.052E+00 1.439E+00-9.640E-01 3.029E+00
3.3625E-01 2.9740E+04 1.050E+00 1.438E+00-9.633E-01 3.020E+00
3.3701E-01 2.9672E+04 1.048E+00 1.436E+00-9.623E-01 3.011E+00
3.3778E-01 2.9605E+04 1.047E+00 1.434E+00-9.608E-01 3.002E+00
3.3855E-01 2.9538E+04 1.045E+00 1.432E+00-9.590E-01 2.993E+00
3.3931E-01 2.9471E+04 1.043E+00 1.430E+00-9.569E-01 2.984E+00
3.4008E-01 2.9405E+04 1.042E+00 1.428E+00-9.546E-01 2.975E+00
3.4085E-01 2.9339E+04 1.040E+00 1.426E+00-9.522E-01 2.966E+00
3.4162E-01 2.9273E+04 1.038E+00 1.424E+00-9.496E-01 2.957E+00
3.4238E-01 2.9207E+04 1.037E+00 1.422E+00-9.471E-01 2.948E+00
3.4315E-01 2.9142E+04 1.035E+00 1.420E+00-9.445E-01 2.938E+00
3.4392E-01 2.9077E+04 1.033E+00 1.417E+00-9.420E-01 2.928E+00
3.4468E-01 2.9012E+04 1.031E+00 1.415E+00-9.397E-01 2.918E+00
3.4545E-01 2.8948E+04 1.029E+00 1.413E+00-9.375E-01 2.908E+00
3.4622E-01 2.8883E+04 1.027E+00 1.411E+00-9.356E-01 2.897E+00
3.4699E-01 2.8820E+04 1.024E+00 1.408E+00-9.341E-01 2.885E+00
3.4775E-01 2.8756E+04 1.022E+00 1.406E+00-9.328E-01 2.873E+00
3.4852E-01 2.8693E+04 1.019E+00 1.404E+00-9.321E-01 2.861E+00
3.4929E-01 2.8630E+04 1.016E+00 1.401E+00-9.317E-01 2.848E+00
3.5006E-01 2.8567E+04 1.013E+00 1.399E+00-9.319E-01 2.834E+00
3.5082E-01 2.8504E+04 1.009E+00 1.397E+00-9.327E-01 2.819E+00
3.5159E-01 2.8442E+04 1.005E+00 1.395E+00-9.341E-01 2.804E+00
3.5236E-01 2.8380E+04 1.001E+00 1.392E+00-9.361E-01 2.788E+00
3.5312E-01 2.8319E+04 9.966E-01 1.390E+00-9.389E-01 2.771E+00
3.5389E-01 2.8257E+04 9.918E-01 1.388E+00-9.424E-01 2.753E+00
3.5466E-01 2.8196E+04 9.867E-01 1.386E+00-9.467E-01 2.735E+00
3.5543E-01 2.8135E+04 9.813E-01 1.384E+00-9.518E-01 2.716E+00
3.5619E-01 2.8075E+04 9.755E-01 1.382E+00-9.578E-01 2.696E+00
3.5696E-01 2.8014E+04 9.695E-01 1.380E+00-9.647E-01 2.676E+00
3.5773E-01 2.7954E+04 9.630E-01 1.378E+00-9.725E-01 2.655E+00
3.5849E-01 2.7894E+04 9.563E-01 1.377E+00-9.813E-01 2.634E+00
3.5926E-01 2.7835E+04 9.493E-01 1.376E+00-9.910E-01 2.612E+00
3.6003E-01 2.7776E+04 9.420E-01 1.374E+00-1.002E+00 2.590E+00
3.6080E-01 2.7717E+04 9.344E-01 1.374E+00-1.013E+00 2.567E+00
3.6156E-01 2.7658E+04 9.265E-01 1.373E+00-1.026E+00 2.544E+00
3.6233E-01 2.7599E+04 9.182E-01 1.372E+00-1.040E+00 2.520E+00
3.6310E-01 2.7541E+04 9.096E-01 1.372E+00-1.056E+00 2.496E+00
3.6386E-01 2.7483E+04 9.008E-01 1.372E+00-1.072E+00 2.472E+00
3.6463E-01 2.7425E+04 8.916E-01 1.373E+00-1.089E+00 2.448E+00
3.6540E-01 2.7367E+04 8.822E-01 1.373E+00-1.108E+00 2.423E+00
3.6617E-01 2.7310E+04 8.724E-01 1.374E+00-1.128E+00 2.398E+00
3.6693E-01 2.7253E+04 8.622E-01 1.376E+00-1.150E+00 2.373E+00
3.6770E-01 2.7196E+04 8.518E-01 1.378E+00-1.172E+00 2.347E+00
3.6847E-01 2.7139E+04 8.411E-01 1.380E+00-1.196E+00 2.321E+00
3.6923E-01 2.7083E+04 8.301E-01 1.382E+00-1.221E+00 2.295E+00
3.7000E-01 2.7027E+04 8.188E-01 1.385E+00-1.248E+00 2.268E+00
3.7077E-01 2.6971E+04 8.072E-01 1.388E+00-1.276E+00 2.242E+00
3.7154E-01 2.6915E+04 7.953E-01 1.392E+00-1.306E+00 2.215E+00
3.7230E-01 2.6860E+04 7.831E-01 1.396E+00-1.337E+00 2.187E+00
3.7307E-01 2.6805E+04 7.707E-01 1.401E+00-1.369E+00 2.159E+00
3.7384E-01 2.6750E+04 7.581E-01 1.406E+00-1.402E+00 2.132E+00
3.7460E-01 2.6695E+04 7.454E-01 1.411E+00-1.436E+00 2.104E+00
3.7537E-01 2.6640E+04 7.325E-01 1.417E+00-1.471E+00 2.076E+00
3.7614E-01 2.6586E+04 7.196E-01 1.423E+00-1.507E+00 2.048E+00
3.7691E-01 2.6532E+04 7.065E-01 1.429E+00-1.544E+00 2.020E+00
3.7767E-01 2.6478E+04 6.933E-01 1.436E+00-1.581E+00 1.991E+00
3.7844E-01 2.6424E+04 6.803E-01 1.443E+00-1.619E+00 1.963E+00
3.7921E-01 2.6371E+04 6.673E-01 1.450E+00-1.657E+00 1.935E+00
3.7997E-01 2.6318E+04 6.543E-01 1.457E+00-1.696E+00 1.907E+00
3.8074E-01 2.6265E+04 6.413E-01 1.465E+00-1.736E+00 1.879E+00
3.8151E-01 2.6212E+04 6.285E-01 1.473E+00-1.775E+00 1.852E+00
3.8228E-01 2.6159E+04 6.159E-01 1.481E+00-1.815E+00 1.825E+00
3.8304E-01 2.6107E+04 6.035E-01 1.490E+00-1.855E+00 1.798E+00
3.8381E-01 2.6055E+04 5.913E-01 1.498E+00-1.895E+00 1.772E+00
3.8458E-01 2.6003E+04 5.793E-01 1.507E+00-1.935E+00 1.746E+00
3.8535E-01 2.5951E+04 5.675E-01 1.516E+00-1.976E+00 1.721E+00
3.8611E-01 2.5899E+04 5.561E-01 1.525E+00-2.016E+00 1.696E+00
3.8688E-01 2.5848E+04 5.451E-01 1.534E+00-2.056E+00 1.673E+00
3.8765E-01 2.5797E+04 5.345E-01 1.543E+00-2.096E+00 1.650E+00
3.8841E-01 2.5746E+04 5.243E-01 1.553E+00-2.136E+00 1.628E+00
3.8918E-01 2.5695E+04 5.144E-01 1.562E+00-2.176E+00 1.607E+00
3.8995E-01 2.5644E+04 5.051E-01 1.572E+00-2.216E+00 1.588E+00
3.9072E-01 2.5594E+04 4.963E-01 1.582E+00-2.255E+00 1.570E+00
3.9148E-01 2.5544E+04 4.879E-01 1.591E+00-2.294E+00 1.553E+00
3.9225E-01 2.5494E+04 4.800E-01 1.601E+00-2.333E+00 1.537E+00
3.9302E-01 2.5444E+04 4.724E-01 1.611E+00-2.372E+00 1.522E+00
3.9378E-01 2.5395E+04 4.653E-01 1.621E+00-2.410E+00 1.508E+00
3.9455E-01 2.5345E+04 4.586E-01 1.631E+00-2.449E+00 1.496E+00
3.9532E-01 2.5296E+04 4.522E-01 1.641E+00-2.487E+00 1.484E+00
3.9609E-01 2.5247E+04 4.462E-01 1.651E+00-2.526E+00 1.473E+00
3.9685E-01 2.5198E+04 4.405E-01 1.661E+00-2.564E+00 1.463E+00
3.9762E-01 2.5150E+04 4.350E-01 1.671E+00-2.603E+00 1.454E+00
3.9839E-01 2.5101E+04 4.300E-01 1.681E+00-2.641E+00 1.445E+00
3.9915E-01 2.5053E+04 4.251E-01 1.691E+00-2.679E+00 1.438E+00
3.9992E-01 2.5005E+04 4.206E-01 1.701E+00-2.717E+00 1.431E+00
4.0069E-01 2.4957E+04 4.162E-01 1.711E+00-2.756E+00 1.424E+00
4.0146E-01 2.4909E+04 4.120E-01 1.722E+00-2.794E+00 1.419E+00
4.0222E-01 2.4862E+04 4.081E-01 1.732E+00-2.832E+00 1.413E+00
4.0299E-01 2.4815E+04 4.043E-01 1.742E+00-2.870E+00 1.409E+00
4.0376E-01 2.4767E+04 4.007E-01 1.752E+00-2.909E+00 1.404E+00
4.0452E-01 2.4720E+04 3.972E-01 1.762E+00-2.947E+00 1.400E+00
4.0529E-01 2.4674E+04 3.939E-01 1.772E+00-2.985E+00 1.396E+00
4.0606E-01 2.4627E+04 3.906E-01 1.782E+00-3.023E+00 1.392E+00
4.0683E-01 2.4581E+04 3.875E-01 1.792E+00-3.061E+00 1.389E+00
4.0759E-01 2.4534E+04 3.844E-01 1.802E+00-3.099E+00 1.385E+00
4.0836E-01 2.4488E+04 3.813E-01 1.812E+00-3.138E+00 1.382E+00
4.0913E-01 2.4442E+04 3.782E-01 1.822E+00-3.176E+00 1.378E+00
4.0989E-01 2.4397E+04 3.752E-01 1.832E+00-3.214E+00 1.374E+00
4.1066E-01 2.4351E+04 3.721E-01 1.841E+00-3.252E+00 1.370E+00
4.1143E-01 2.4306E+04 3.691E-01 1.851E+00-3.290E+00 1.366E+00
4.1220E-01 2.4260E+04 3.659E-01 1.861E+00-3.328E+00 1.362E+00
4.1296E-01 2.4215E+04 3.628E-01 1.870E+00-3.366E+00 1.357E+00
4.1373E-01 2.4170E+04 3.596E-01 1.880E+00-3.404E+00 1.352E+00
4.1450E-01 2.4126E+04 3.564E-01 1.889E+00-3.442E+00 1.347E+00
4.1526E-01 2.4081E+04 3.532E-01 1.899E+00-3.480E+00 1.341E+00
4.1603E-01 2.4037E+04 3.499E-01 1.908E+00-3.518E+00 1.335E+00
4.1680E-01 2.3992E+04 3.467E-01 1.917E+00-3.556E+00 1.329E+00
4.1757E-01 2.3948E+04 3.435E-01 1.926E+00-3.593E+00 1.323E+00
4.1833E-01 2.3904E+04 3.402E-01 1.936E+00-3.631E+00 1.317E+00
4.1910E-01 2.3861E+04 3.369E-01 1.945E+00-3.669E+00 1.311E+00
4.1987E-01 2.3817E+04 3.337E-01 1.954E+00-3.707E+00 1.304E+00
4.2064E-01 2.3774E+04 3.304E-01 1.963E+00-3.744E+00 1.297E+00
4.2140E-01 2.3730E+04 3.272E-01 1.972E+00-3.782E+00 1.291E+00
4.2217E-01 2.3687E+04 3.239E-01 1.981E+00-3.820E+00 1.284E+00
4.2294E-01 2.3644E+04 3.207E-01 1.990E+00-3.858E+00 1.277E+00
4.2370E-01 2.3601E+04 3.175E-01 1.999E+00-3.896E+00 1.269E+00
4.2447E-01 2.3559E+04 3.143E-01 2.008E+00-3.933E+00 1.262E+00
4.2524E-01 2.3516E+04 3.111E-01 2.017E+00-3.972E+00 1.255E+00
4.2601E-01 2.3474E+04 3.080E-01 2.026E+00-4.010E+00 1.248E+00
4.2677E-01 2.3432E+04 3.049E-01 2.035E+00-4.048E+00 1.241E+00
4.2754E-01 2.3390E+04 3.018E-01 2.044E+00-4.085E+00 1.234E+00
4.2831E-01 2.3348E+04 2.988E-01 2.053E+00-4.124E+00 1.226E+00
4.2907E-01 2.3306E+04 2.957E-01 2.061E+00-4.162E+00 1.219E+00
4.2984E-01 2.3264E+04 2.928E-01 2.070E+00-4.200E+00 1.212E+00
4.3061E-01 2.3223E+04 2.899E-01 2.079E+00-4.239E+00 1.205E+00
4.3138E-01 2.3182E+04 2.870E-01 2.088E+00-4.277E+00 1.199E+00
4.3214E-01 2.3141E+04 2.842E-01 2.097E+00-4.316E+00 1.192E+00
4.3291E-01 2.3099E+04 2.814E-01 2.106E+00-4.355E+00 1.185E+00
4.3368E-01 2.3059E+04 2.787E-01 2.115E+00-4.394E+00 1.179E+00
4.3444E-01 2.3018E+04 2.761E-01 2.123E+00-4.433E+00 1.172E+00
4.3521E-01 2.2977E+04 2.735E-01 2.132E+00-4.472E+00 1.166E+00
4.3598E-01 2.2937E+04 2.710E-01 2.141E+00-4.512E+00 1.160E+00
4.3675E-01 2.2897E+04 2.685E-01 2.150E+00-4.551E+00 1.155E+00
4.3751E-01 2.2856E+04 2.661E-01 2.159E+00-4.591E+00 1.149E+00
4.3828E-01 2.2816E+04 2.639E-01 2.168E+00-4.631E+00 1.144E+00
4.3905E-01 2.2777E+04 2.616E-01 2.177E+00-4.671E+00 1.139E+00
4.3981E-01 2.2737E+04 2.594E-01 2.186E+00-4.712E+00 1.134E+00
4.4058E-01 2.2697E+04 2.573E-01 2.195E+00-4.752E+00 1.130E+00
4.4135E-01 2.2658E+04 2.553E-01 2.204E+00-4.793E+00 1.125E+00
4.4212E-01 2.2618E+04 2.533E-01 2.213E+00-4.834E+00 1.121E+00
4.4288E-01 2.2579E+04 2.513E-01 2.222E+00-4.875E+00 1.117E+00
4.4365E-01 2.2540E+04 2.494E-01 2.231E+00-4.916E+00 1.113E+00
4.4442E-01 2.2501E+04 2.476E-01 2.240E+00-4.957E+00 1.109E+00
4.4518E-01 2.2463E+04 2.458E-01 2.249E+00-4.998E+00 1.106E+00
4.4595E-01 2.2424E+04 2.440E-01 2.258E+00-5.040E+00 1.102E+00
4.4672E-01 2.2385E+04 2.423E-01 2.267E+00-5.081E+00 1.099E+00
4.4749E-01 2.2347E+04 2.407E-01 2.276E+00-5.123E+00 1.096E+00
4.4825E-01 2.2309E+04 2.391E-01 2.285E+00-5.165E+00 1.093E+00
4.4902E-01 2.2271E+04 2.375E-01 2.294E+00-5.207E+00 1.090E+00
4.4979E-01 2.2233E+04 2.359E-01 2.303E+00-5.249E+00 1.087E+00
4.5055E-01 2.2195E+04 2.344E-01 2.312E+00-5.290E+00 1.084E+00
4.5132E-01 2.2157E+04 2.329E-01 2.321E+00-5.332E+00 1.081E+00
4.5209E-01 2.2120E+04 2.315E-01 2.330E+00-5.374E+00 1.079E+00
4.5286E-01 2.2082E+04 2.300E-01 2.339E+00-5.416E+00 1.076E+00
4.5362E-01 2.2045E+04 2.286E-01 2.348E+00-5.459E+00 1.073E+00
4.5439E-01 2.2007E+04 2.272E-01 2.356E+00-5.501E+00 1.071E+00
4.5516E-01 2.1970E+04 2.259E-01 2.365E+00-5.543E+00 1.068E+00
4.5593E-01 2.1933E+04 2.245E-01 2.374E+00-5.584E+00 1.066E+00
4.5669E-01 2.1897E+04 2.232E-01 2.383E+00-5.627E+00 1.063E+00
4.5746E-01 2.1860E+04 2.219E-01 2.391E+00-5.669E+00 1.061E+00
4.5823E-01 2.1823E+04 2.205E-01 2.400E+00-5.711E+00 1.059E+00
4.5899E-01 2.1787E+04 2.192E-01 2.409E+00-5.753E+00 1.056E+00
4.5976E-01 2.1750E+04 2.179E-01 2.417E+00-5.795E+00 1.053E+00
4.6053E-01 2.1714E+04 2.166E-01 2.426E+00-5.837E+00 1.051E+00
4.6130E-01 2.1678E+04 2.153E-01 2.434E+00-5.878E+00 1.048E+00
4.6206E-01 2.1642E+04 2.140E-01 2.442E+00-5.920E+00 1.046E+00
4.6283E-01 2.1606E+04 2.127E-01 2.451E+00-5.961E+00 1.043E+00
4.6360E-01 2.1570E+04 2.114E-01 2.459E+00-6.003E+00 1.040E+00
4.6436E-01 2.1535E+04 2.101E-01 2.467E+00-6.044E+00 1.037E+00
4.6513E-01 2.1499E+04 2.088E-01 2.476E+00-6.085E+00 1.034E+00
4.6590E-01 2.1464E+04 2.075E-01 2.484E+00-6.126E+00 1.031E+00
4.6667E-01 2.1429E+04 2.061E-01 2.492E+00-6.167E+00 1.027E+00
4.6743E-01 2.1393E+04 2.048E-01 2.500E+00-6.208E+00 1.024E+00
4.6820E-01 2.1358E+04 2.035E-01 2.508E+00-6.248E+00 1.021E+00
4.6897E-01 2.1323E+04 2.022E-01 2.516E+00-6.289E+00 1.017E+00
4.6973E-01 2.1289E+04 2.009E-01 2.524E+00-6.330E+00 1.014E+00
4.7050E-01 2.1254E+04 1.995E-01 2.532E+00-6.370E+00 1.010E+00
4.7127E-01 2.1219E+04 1.982E-01 2.540E+00-6.410E+00 1.007E+00
4.7204E-01 2.1185E+04 1.969E-01 2.547E+00-6.450E+00 1.003E+00
4.7280E-01 2.1150E+04 1.956E-01 2.555E+00-6.490E+00 9.996E-01
4.7357E-01 2.1116E+04 1.943E-01 2.563E+00-6.530E+00 9.959E-01
4.7434E-01 2.1082E+04 1.930E-01 2.571E+00-6.570E+00 9.923E-01
4.7510E-01 2.1048E+04 1.917E-01 2.578E+00-6.610E+00 9.886E-01
4.7587E-01 2.1014E+04 1.905E-01 2.586E+00-6.650E+00 9.850E-01
4.7664E-01 2.0980E+04 1.892E-01 2.593E+00-6.690E+00 9.813E-01
4.7741E-01 2.0947E+04 1.880E-01 2.601E+00-6.729E+00 9.777E-01
4.7817E-01 2.0913E+04 1.867E-01 2.608E+00-6.769E+00 9.741E-01
4.7894E-01 2.0879E+04 1.855E-01 2.616E+00-6.808E+00 9.705E-01
4.7971E-01 2.0846E+04 1.843E-01 2.623E+00-6.847E+00 9.670E-01
4.8047E-01 2.0813E+04 1.831E-01 2.631E+00-6.886E+00 9.635E-01
4.8124E-01 2.0780E+04 1.819E-01 2.638E+00-6.926E+00 9.600E-01
4.8201E-01 2.0746E+04 1.808E-01 2.645E+00-6.965E+00 9.565E-01
4.8278E-01 2.0714E+04 1.797E-01 2.653E+00-7.004E+00 9.532E-01
4.8354E-01 2.0681E+04 1.786E-01 2.660E+00-7.044E+00 9.499E-01
4.8431E-01 2.0648E+04 1.775E-01 2.667E+00-7.083E+00 9.466E-01
4.8508E-01 2.0615E+04 1.764E-01 2.674E+00-7.122E+00 9.435E-01
4.8584E-01 2.0583E+04 1.754E-01 2.682E+00-7.161E+00 9.405E-01
4.8661E-01 2.0550E+04 1.743E-01 2.689E+00-7.200E+00 9.375E-01
4.8738E-01 2.0518E+04 1.733E-01 2.696E+00-7.239E+00 9.347E-01
4.8815E-01 2.0486E+04 1.724E-01 2.703E+00-7.278E+00 9.320E-01
4.8891E-01 2.0454E+04 1.714E-01 2.710E+00-7.317E+00 9.294E-01
4.8968E-01 2.0421E+04 1.705E-01 2.717E+00-7.356E+00 9.269E-01
4.9045E-01 2.0390E+04 1.697E-01 2.725E+00-7.395E+00 9.245E-01
4.9122E-01 2.0358E+04 1.688E-01 2.732E+00-7.434E+00 9.223E-01