 DDSCAT --- DDSCAT 7.1.0 [10.03.03]   
 TARGET --- Cyl.prism, NAT=   2640 NFAC=  80 NLAY=  33 asp.ratio= 3.2697      
 GPFAFT --- method of solution 
 GKDLDR --- prescription for polarizabilities
 CYLINDER1 --- shape 
   2640 = NAT0 = number of dipoles
 ../diel/Au_rod_in_water                                     
 wave(um)   f(cm-1)     Re(m)     Im(m)    Re(eps)   Im(eps)
2.9635E-01 3.3744E+04 1.106E+00 1.458E+00-9.030E-01 3.224E+00
3.0019E-01 3.3313E+04 1.104E+00 1.461E+00-9.143E-01 3.227E+00
3.0402E-01 3.2892E+04 1.102E+00 1.463E+00-9.252E-01 3.226E+00
3.0786E-01 3.2483E+04 1.102E+00 1.464E+00-9.304E-01 3.226E+00
3.1169E-01 3.2083E+04 1.102E+00 1.464E+00-9.286E-01 3.227E+00
3.1553E-01 3.1693E+04 1.102E+00 1.463E+00-9.250E-01 3.225E+00
3.1937E-01 3.1312E+04 1.099E+00 1.461E+00-9.251E-01 3.211E+00
3.2320E-01 3.0940E+04 1.091E+00 1.458E+00-9.333E-01 3.181E+00
3.2704E-01 3.0578E+04 1.080E+00 1.453E+00-9.463E-01 3.139E+00
3.3087E-01 3.0223E+04 1.067E+00 1.448E+00-9.584E-01 3.089E+00
3.3471E-01 2.9877E+04 1.055E+00 1.441E+00-9.641E-01 3.039E+00
3.3854E-01 2.9538E+04 1.045E+00 1.432E+00-9.590E-01 2.993E+00
3.4238E-01 2.9207E+04 1.037E+00 1.422E+00-9.471E-01 2.948E+00
3.4622E-01 2.8884E+04 1.027E+00 1.411E+00-9.357E-01 2.897E+00
3.5005E-01 2.8567E+04 1.013E+00 1.399E+00-9.319E-01 2.834E+00
3.5389E-01 2.8257E+04 9.918E-01 1.388E+00-9.424E-01 2.753E+00
3.5772E-01 2.7954E+04 9.630E-01 1.378E+00-9.725E-01 2.655E+00
3.6156E-01 2.7658E+04 9.265E-01 1.373E+00-1.026E+00 2.544E+00
3.6540E-01 2.7368E+04 8.822E-01 1.373E+00-1.108E+00 2.423E+00
3.6923E-01 2.7083E+04 8.302E-01 1.382E+00-1.221E+00 2.295E+00
3.7307E-01 2.6805E+04 7.707E-01 1.401E+00-1.369E+00 2.160E+00
3.7690E-01 2.6532E+04 7.065E-01 1.429E+00-1.544E+00 2.020E+00
3.8074E-01 2.6265E+04 6.413E-01 1.465E+00-1.736E+00 1.879E+00
3.8458E-01 2.6003E+04 5.794E-01 1.507E+00-1.935E+00 1.746E+00
3.8841E-01 2.5746E+04 5.244E-01 1.553E+00-2.136E+00 1.628E+00
3.9225E-01 2.5494E+04 4.801E-01 1.601E+00-2.333E+00 1.537E+00
3.9608E-01 2.5247E+04 4.462E-01 1.651E+00-2.525E+00 1.473E+00
3.9992E-01 2.5005E+04 4.206E-01 1.701E+00-2.717E+00 1.431E+00
4.0376E-01 2.4767E+04 4.007E-01 1.752E+00-2.909E+00 1.404E+00
4.0759E-01 2.4534E+04 3.844E-01 1.802E+00-3.099E+00 1.385E+00
4.1143E-01 2.4306E+04 3.690E-01 1.851E+00-3.290E+00 1.366E+00
4.1526E-01 2.4081E+04 3.532E-01 1.899E+00-3.480E+00 1.341E+00
4.1910E-01 2.3861E+04 3.369E-01 1.945E+00-3.669E+00 1.311E+00
4.2293E-01 2.3644E+04 3.207E-01 1.990E+00-3.858E+00 1.277E+00
4.2677E-01 2.3432E+04 3.049E-01 2.035E+00-4.047E+00 1.241E+00
4.3061E-01 2.3223E+04 2.899E-01 2.079E+00-4.239E+00 1.205E+00
4.3444E-01 2.3018E+04 2.761E-01 2.123E+00-4.433E+00 1.173E+00
4.3828E-01 2.2817E+04 2.639E-01 2.168E+00-4.631E+00 1.144E+00
4.4211E-01 2.2619E+04 2.533E-01 2.213E+00-4.834E+00 1.121E+00
4.4595E-01 2.2424E+04 2.440E-01 2.258E+00-5.040E+00 1.102E+00
4.4979E-01 2.2233E+04 2.359E-01 2.303E+00-5.248E+00 1.087E+00
4.5362E-01 2.2045E+04 2.286E-01 2.348E+00-5.458E+00 1.073E+00
4.5746E-01 2.1860E+04 2.219E-01 2.391E+00-5.669E+00 1.061E+00
4.6129E-01 2.1678E+04 2.153E-01 2.434E+00-5.878E+00 1.048E+00
4.6513E-01 2.1499E+04 2.088E-01 2.476E+00-6.085E+00 1.034E+00
4.6897E-01 2.1324E+04 2.022E-01 2.516E+00-6.289E+00 1.017E+00
4.7280E-01 2.1151E+04 1.956E-01 2.555E+00-6.490E+00 9.996E-01
4.7664E-01 2.0980E+04 1.892E-01 2.593E+00-6.690E+00 9.813E-01
4.8047E-01 2.0813E+04 1.831E-01 2.631E+00-6.886E+00 9.635E-01
4.8431E-01 2.0648E+04 1.775E-01 2.667E+00-7.083E+00 9.467E-01
4.8814E-01 2.0486E+04 1.724E-01 2.703E+00-7.278E+00 9.320E-01
4.9198E-01 2.0326E+04 1.680E-01 2.739E+00-7.473E+00 9.203E-01
4.9582E-01 2.0169E+04 1.645E-01 2.774E+00-7.668E+00 9.124E-01
4.9965E-01 2.0014E+04 1.619E-01 2.809E+00-7.865E+00 9.093E-01
5.0349E-01 1.9861E+04 1.601E-01 2.844E+00-8.062E+00 9.106E-01
5.0732E-01 1.9711E+04 1.591E-01 2.879E+00-8.261E+00 9.160E-01
5.1116E-01 1.9563E+04 1.588E-01 2.913E+00-8.460E+00 9.249E-01
5.1500E-01 1.9418E+04 1.589E-01 2.947E+00-8.661E+00 9.368E-01
5.1883E-01 1.9274E+04 1.596E-01 2.981E+00-8.863E+00 9.513E-01
5.2267E-01 1.9133E+04 1.605E-01 3.015E+00-9.065E+00 9.679E-01
5.2650E-01 1.8993E+04 1.617E-01 3.049E+00-9.268E+00 9.857E-01
5.3034E-01 1.8856E+04 1.629E-01 3.082E+00-9.472E+00 1.004E+00
5.3418E-01 1.8720E+04 1.642E-01 3.115E+00-9.677E+00 1.023E+00
5.3801E-01 1.8587E+04 1.655E-01 3.148E+00-9.882E+00 1.042E+00
5.4185E-01 1.8455E+04 1.669E-01 3.181E+00-1.009E+01 1.061E+00
5.4568E-01 1.8326E+04 1.682E-01 3.213E+00-1.030E+01 1.081E+00
5.4952E-01 1.8198E+04 1.696E-01 3.246E+00-1.051E+01 1.101E+00
5.5336E-01 1.8072E+04 1.711E-01 3.278E+00-1.071E+01 1.121E+00
5.5719E-01 1.7947E+04 1.726E-01 3.310E+00-1.093E+01 1.142E+00
5.6103E-01 1.7824E+04 1.742E-01 3.342E+00-1.114E+01 1.164E+00
5.6486E-01 1.7703E+04 1.758E-01 3.374E+00-1.135E+01 1.186E+00
5.6870E-01 1.7584E+04 1.776E-01 3.405E+00-1.157E+01 1.209E+00
5.7253E-01 1.7466E+04 1.794E-01 3.437E+00-1.178E+01 1.233E+00
5.7637E-01 1.7350E+04 1.814E-01 3.469E+00-1.200E+01 1.258E+00
5.8021E-01 1.7235E+04 1.834E-01 3.501E+00-1.222E+01 1.284E+00
5.8404E-01 1.7122E+04 1.855E-01 3.532E+00-1.244E+01 1.310E+00
5.8788E-01 1.7010E+04 1.875E-01 3.564E+00-1.266E+01 1.337E+00
5.9171E-01 1.6900E+04 1.896E-01 3.595E+00-1.289E+01 1.364E+00
5.9555E-01 1.6791E+04 1.918E-01 3.627E+00-1.312E+01 1.391E+00
5.9939E-01 1.6684E+04 1.938E-01 3.658E+00-1.335E+01 1.418E+00
6.0322E-01 1.6578E+04 1.959E-01 3.690E+00-1.358E+01 1.445E+00
6.0706E-01 1.6473E+04 1.979E-01 3.721E+00-1.381E+01 1.473E+00
6.1089E-01 1.6369E+04 1.998E-01 3.753E+00-1.404E+01 1.499E+00
6.1473E-01 1.6267E+04 2.016E-01 3.784E+00-1.428E+01 1.526E+00
6.1857E-01 1.6166E+04 2.033E-01 3.816E+00-1.452E+01 1.551E+00
6.2240E-01 1.6067E+04 2.048E-01 3.848E+00-1.476E+01 1.576E+00
6.2624E-01 1.5968E+04 2.062E-01 3.879E+00-1.501E+01 1.600E+00
6.3007E-01 1.5871E+04 2.076E-01 3.911E+00-1.525E+01 1.624E+00
6.3391E-01 1.5775E+04 2.088E-01 3.942E+00-1.550E+01 1.647E+00
6.3775E-01 1.5680E+04 2.100E-01 3.974E+00-1.575E+01 1.669E+00
6.4158E-01 1.5586E+04 2.112E-01 4.005E+00-1.600E+01 1.692E+00
6.4542E-01 1.5494E+04 2.124E-01 4.037E+00-1.625E+01 1.715E+00
6.4925E-01 1.5402E+04 2.136E-01 4.068E+00-1.650E+01 1.738E+00
6.5309E-01 1.5312E+04 2.149E-01 4.099E+00-1.676E+01 1.762E+00
6.5692E-01 1.5222E+04 2.162E-01 4.130E+00-1.701E+01 1.786E+00
6.6076E-01 1.5134E+04 2.177E-01 4.161E+00-1.726E+01 1.811E+00
6.6460E-01 1.5047E+04 2.192E-01 4.191E+00-1.752E+01 1.838E+00
6.6843E-01 1.4960E+04 2.209E-01 4.221E+00-1.777E+01 1.865E+00
6.7227E-01 1.4875E+04 2.228E-01 4.251E+00-1.802E+01 1.894E+00
6.7610E-01 1.4791E+04 2.249E-01 4.281E+00-1.828E+01 1.925E+00
6.7994E-01 1.4707E+04 2.271E-01 4.310E+00-1.853E+01 1.958E+00
