 DDSCAT --- DDSCAT 7.1.0 [10.03.03]   
 TARGET --- Cyl.prism, NAT=   2640 NFAC=  80 NLAY=  33 asp.ratio= 3.2697      
 GPFAFT --- method of solution 
 GKDLDR --- prescription for polarizabilities
 CYLINDER1 --- shape 
   2640 = NAT0 = number of dipoles
 ../diel/Au_rod_in_water                                     
   0.000   0.000 = beta_min, beta_max ;  NBETA = 1
   0.000   0.000 = theta_min, theta_max; NTHETA= 1
   0.000   0.000 = phi_min, phi_max   ;   NPHI = 1
20.0000 = ETASCA (param. controlling # of scatt. dirs used to calculate <cos> etc.
 Results averaged over    1 target orientations
                   and  1 incident polarizations
   aeff       wave       Q_ext     Q_abs      Q_sca     g(1)=<cos>  <cos^2>    Q_bk       Nsca
1.7100E-02 2.9635E-01 9.3840E-01 9.0941E-01 2.8288E-02  1.0000E+00 1.0000E+00 4.3960E-03     1
1.7100E-02 3.0019E-01 9.2514E-01 8.9737E-01 2.7002E-02  1.0000E+00 1.0000E+00 4.1879E-03     1
1.7100E-02 3.0402E-01 9.1302E-01 8.8640E-01 2.5787E-02  1.0000E+00 1.0000E+00 3.9928E-03     1
1.7100E-02 3.0786E-01 9.0035E-01 8.7487E-01 2.4584E-02  1.0000E+00 1.0000E+00 3.8012E-03     1
1.7100E-02 3.1169E-01 8.8685E-01 8.6251E-01 2.3386E-02  1.0000E+00 1.0000E+00 3.6117E-03     1
1.7100E-02 3.1553E-01 8.7429E-01 8.5105E-01 2.2245E-02  1.0000E+00 1.0000E+00 3.4325E-03     1
1.7100E-02 3.1937E-01 8.6456E-01 8.4230E-01 2.1214E-02  1.0000E+00 1.0000E+00 3.2713E-03     1
1.7100E-02 3.2320E-01 8.5909E-01 8.3767E-01 2.0324E-02  1.0000E+00 1.0000E+00 3.1326E-03     1
1.7100E-02 3.2704E-01 8.5694E-01 8.3625E-01 1.9539E-02  1.0000E+00 1.0000E+00 3.0108E-03     1
1.7100E-02 3.3087E-01 8.5630E-01 8.3630E-01 1.8804E-02  1.0000E+00 1.0000E+00 2.8972E-03     1
1.7100E-02 3.3471E-01 8.5541E-01 8.3610E-01 1.8067E-02  1.0000E+00 1.0000E+00 2.7839E-03     1
1.7100E-02 3.3854E-01 8.5265E-01 8.3409E-01 1.7290E-02  1.0000E+00 1.0000E+00 2.6650E-03     1
1.7100E-02 3.4238E-01 8.4909E-01 8.3128E-01 1.6507E-02  1.0000E+00 1.0000E+00 2.5456E-03     1
1.7100E-02 3.4622E-01 8.4698E-01 8.2987E-01 1.5779E-02  1.0000E+00 1.0000E+00 2.4349E-03     1
1.7100E-02 3.5005E-01 8.4863E-01 8.3211E-01 1.5161E-02  1.0000E+00 1.0000E+00 2.3412E-03     1
1.7100E-02 3.5389E-01 8.5651E-01 8.4042E-01 1.4707E-02  1.0000E+00 1.0000E+00 2.2725E-03     1
1.7100E-02 3.5772E-01 8.7189E-01 8.5600E-01 1.4457E-02  1.0000E+00 1.0000E+00 2.2350E-03     1
1.7100E-02 3.6156E-01 8.9533E-01 8.7937E-01 1.4454E-02  1.0000E+00 1.0000E+00 2.2349E-03     1
1.7100E-02 3.6540E-01 9.2773E-01 9.1138E-01 1.4756E-02  1.0000E+00 1.0000E+00 2.2811E-03     1
1.7100E-02 3.6923E-01 9.6965E-01 9.5249E-01 1.5440E-02  1.0000E+00 1.0000E+00 2.3846E-03     1
1.7100E-02 3.7307E-01 1.0207E+00 1.0022E+00 1.6587E-02  1.0000E+00 1.0000E+00 2.5574E-03     1
1.7100E-02 3.7690E-01 1.0763E+00 1.0561E+00 1.8179E-02  1.0000E+00 1.0000E+00 2.7955E-03     1
1.7100E-02 3.8074E-01 1.1286E+00 1.1062E+00 2.0077E-02  1.0000E+00 1.0000E+00 3.0774E-03     1
1.7100E-02 3.8458E-01 1.1676E+00 1.1431E+00 2.2022E-02  1.0000E+00 1.0000E+00 3.3632E-03     1
1.7100E-02 3.8841E-01 1.1855E+00 1.1593E+00 2.3688E-02  1.0000E+00 1.0000E+00 3.6047E-03     1
1.7100E-02 3.9225E-01 1.1795E+00 1.1522E+00 2.4771E-02  1.0000E+00 1.0000E+00 3.7585E-03     1
1.7100E-02 3.9608E-01 1.1549E+00 1.1270E+00 2.5271E-02  1.0000E+00 1.0000E+00 3.8257E-03     1
1.7100E-02 3.9992E-01 1.1186E+00 1.0908E+00 2.5362E-02  1.0000E+00 1.0000E+00 3.8330E-03     1
1.7100E-02 4.0376E-01 1.0753E+00 1.0477E+00 2.5222E-02  1.0000E+00 1.0000E+00 3.8061E-03     1
1.7100E-02 4.0759E-01 1.0273E+00 1.0001E+00 2.4969E-02  1.0000E+00 1.0000E+00 3.7618E-03     1
1.7100E-02 4.1143E-01 9.7539E-01 9.4856E-01 2.4684E-02  1.0000E+00 1.0000E+00 3.7115E-03     1
1.7100E-02 4.1526E-01 9.1960E-01 8.9317E-01 2.4398E-02  1.0000E+00 1.0000E+00 3.6586E-03     1
1.7100E-02 4.1910E-01 8.5863E-01 8.3267E-01 2.4057E-02  1.0000E+00 1.0000E+00 3.5952E-03     1
1.7100E-02 4.2293E-01 7.9145E-01 7.6607E-01 2.3602E-02  1.0000E+00 1.0000E+00 3.5123E-03     1
1.7100E-02 4.2677E-01 7.1828E-01 6.9367E-01 2.2980E-02  1.0000E+00 1.0000E+00 3.4020E-03     1
1.7100E-02 4.3061E-01 6.4091E-01 6.1728E-01 2.2150E-02  1.0000E+00 1.0000E+00 3.2590E-03     1
1.7100E-02 4.3444E-01 5.6268E-01 5.4027E-01 2.1103E-02  1.0000E+00 1.0000E+00 3.0835E-03     1
1.7100E-02 4.3828E-01 4.8779E-01 4.6677E-01 1.9868E-02  1.0000E+00 1.0000E+00 2.8820E-03     1
1.7100E-02 4.4211E-01 4.2008E-01 4.0056E-01 1.8524E-02  1.0000E+00 1.0000E+00 2.6672E-03     1
1.7100E-02 4.4595E-01 3.6215E-01 3.4412E-01 1.7164E-02  1.0000E+00 1.0000E+00 2.4539E-03     1
1.7100E-02 4.4979E-01 3.1426E-01 2.9765E-01 1.5857E-02  1.0000E+00 1.0000E+00 2.2523E-03     1
1.7100E-02 4.5362E-01 2.7562E-01 2.6031E-01 1.4644E-02  1.0000E+00 1.0000E+00 2.0681E-03     1
1.7100E-02 4.5746E-01 2.4498E-01 2.3083E-01 1.3545E-02  1.0000E+00 1.0000E+00 1.9034E-03     1
1.7100E-02 4.6129E-01 2.2101E-01 2.0790E-01 1.2567E-02  1.0000E+00 1.0000E+00 1.7586E-03     1
1.7100E-02 4.6513E-01 2.0247E-01 1.9025E-01 1.1711E-02  1.0000E+00 1.0000E+00 1.6332E-03     1
1.7100E-02 4.6897E-01 1.8805E-01 1.7660E-01 1.0974E-02  1.0000E+00 1.0000E+00 1.5260E-03     1
1.7100E-02 4.7280E-01 1.7623E-01 1.6543E-01 1.0346E-02  1.0000E+00 1.0000E+00 1.4351E-03     1
1.7100E-02 4.7664E-01 1.6523E-01 1.5498E-01 9.8134E-03  1.0000E+00 1.0000E+00 1.3574E-03     1
1.7100E-02 4.8047E-01 1.5365E-01 1.4390E-01 9.3478E-03  1.0000E+00 1.0000E+00 1.2887E-03     1
1.7100E-02 4.8431E-01 1.4112E-01 1.3184E-01 8.9136E-03  1.0000E+00 1.0000E+00 1.2237E-03     1
1.7100E-02 4.8814E-01 1.2862E-01 1.1979E-01 8.4879E-03  1.0000E+00 1.0000E+00 1.1602E-03     1
1.7100E-02 4.9198E-01 1.1728E-01 1.0891E-01 8.0656E-03  1.0000E+00 1.0000E+00 1.0979E-03     1
1.7100E-02 4.9582E-01 1.0776E-01 9.9835E-02 7.6517E-03  1.0000E+00 1.0000E+00 1.0379E-03     1
1.7100E-02 4.9965E-01 1.0024E-01 9.2721E-02 7.2556E-03  1.0000E+00 1.0000E+00 9.8148E-04     1
1.7100E-02 5.0349E-01 9.4364E-02 8.7235E-02 6.8827E-03  1.0000E+00 1.0000E+00 9.2921E-04     1
1.7100E-02 5.0732E-01 8.9658E-02 8.2885E-02 6.5369E-03  1.0000E+00 1.0000E+00 8.8127E-04     1
1.7100E-02 5.1116E-01 8.5622E-02 7.9176E-02 6.2174E-03  1.0000E+00 1.0000E+00 8.3720E-04     1
1.7100E-02 5.1500E-01 8.1978E-02 7.5838E-02 5.9188E-03  1.0000E+00 1.0000E+00 7.9615E-04     1
1.7100E-02 5.1883E-01 7.8810E-02 7.2957E-02 5.6364E-03  1.0000E+00 1.0000E+00 7.5753E-04     1
1.7100E-02 5.2267E-01 7.6325E-02 7.0743E-02 5.3685E-03  1.0000E+00 1.0000E+00 7.2128E-04     1
1.7100E-02 5.2650E-01 7.4581E-02 6.9249E-02 5.1175E-03  1.0000E+00 1.0000E+00 6.8765E-04     1
1.7100E-02 5.3034E-01 7.3363E-02 6.8262E-02 4.8848E-03  1.0000E+00 1.0000E+00 6.5682E-04     1
1.7100E-02 5.3418E-01 7.2242E-02 6.7353E-02 4.6722E-03  1.0000E+00 1.0000E+00 6.2868E-04     1
1.7100E-02 5.3801E-01 7.0825E-02 6.6131E-02 4.4764E-03  1.0000E+00 1.0000E+00 6.0256E-04     1
1.7100E-02 5.4185E-01 6.9082E-02 6.4575E-02 4.2908E-03  1.0000E+00 1.0000E+00 5.7763E-04     1
1.7100E-02 5.4568E-01 6.7380E-02 6.3057E-02 4.1098E-03  1.0000E+00 1.0000E+00 5.5340E-04     1
1.7100E-02 5.4952E-01 6.6196E-02 6.2050E-02 3.9314E-03  1.0000E+00 1.0000E+00 5.2986E-04     1
1.7100E-02 5.5336E-01 6.5865E-02 6.1890E-02 3.7568E-03  1.0000E+00 1.0000E+00 5.0739E-04     1
1.7100E-02 5.5719E-01 6.6544E-02 6.2728E-02 3.5883E-03  1.0000E+00 1.0000E+00 4.8634E-04     1
1.7100E-02 5.6103E-01 6.8225E-02 6.4555E-02 3.4295E-03  1.0000E+00 1.0000E+00 4.6715E-04     1
1.7100E-02 5.6486E-01 7.0739E-02 6.7198E-02 3.2845E-03  1.0000E+00 1.0000E+00 4.5018E-04     1
1.7100E-02 5.6870E-01 7.3688E-02 7.0256E-02 3.1580E-03  1.0000E+00 1.0000E+00 4.3573E-04     1
1.7100E-02 5.7253E-01 7.6370E-02 7.3027E-02 3.0538E-03  1.0000E+00 1.0000E+00 4.2383E-04     1
1.7100E-02 5.7637E-01 7.7891E-02 7.4621E-02 2.9717E-03  1.0000E+00 1.0000E+00 4.1402E-04     1
1.7100E-02 5.8021E-01 7.7555E-02 7.4348E-02 2.9062E-03  1.0000E+00 1.0000E+00 4.0531E-04     1
1.7100E-02 5.8404E-01 7.5280E-02 7.2139E-02 2.8481E-03  1.0000E+00 1.0000E+00 3.9651E-04     1
1.7100E-02 5.8788E-01 7.1654E-02 6.8586E-02 2.7885E-03  1.0000E+00 1.0000E+00 3.8684E-04     1
1.7100E-02 5.9171E-01 6.7526E-02 6.4538E-02 2.7233E-03  1.0000E+00 1.0000E+00 3.7618E-04     1
1.7100E-02 5.9555E-01 6.3576E-02 6.0675E-02 2.6521E-03  1.0000E+00 1.0000E+00 3.6486E-04     1
1.7100E-02 5.9939E-01 6.0177E-02 5.7365E-02 2.5769E-03  1.0000E+00 1.0000E+00 3.5337E-04     1
1.7100E-02 6.0322E-01 5.7379E-02 5.4653E-02 2.5010E-03  1.0000E+00 1.0000E+00 3.4216E-04     1
1.7100E-02 6.0706E-01 5.5034E-02 5.2391E-02 2.4270E-03  1.0000E+00 1.0000E+00 3.3146E-04     1
1.7100E-02 6.1089E-01 5.2928E-02 5.0362E-02 2.3568E-03  1.0000E+00 1.0000E+00 3.2138E-04     1
1.7100E-02 6.1473E-01 5.0829E-02 4.8337E-02 2.2912E-03  1.0000E+00 1.0000E+00 3.1188E-04     1
1.7100E-02 6.1857E-01 4.8581E-02 4.6158E-02 2.2302E-03  1.0000E+00 1.0000E+00 3.0284E-04     1
1.7100E-02 6.2240E-01 4.6112E-02 4.3757E-02 2.1727E-03  1.0000E+00 1.0000E+00 2.9411E-04     1
1.7100E-02 6.2624E-01 4.3450E-02 4.1161E-02 2.1176E-03  1.0000E+00 1.0000E+00 2.8555E-04     1
1.7100E-02 6.3007E-01 4.0696E-02 3.8474E-02 2.0639E-03  1.0000E+00 1.0000E+00 2.7710E-04     1
1.7100E-02 6.3391E-01 3.7959E-02 3.5802E-02 2.0109E-03  1.0000E+00 1.0000E+00 2.6874E-04     1
1.7100E-02 6.3775E-01 3.5342E-02 3.3249E-02 1.9581E-03  1.0000E+00 1.0000E+00 2.6047E-04     1
1.7100E-02 6.4158E-01 3.2925E-02 3.0895E-02 1.9055E-03  1.0000E+00 1.0000E+00 2.5237E-04     1
1.7100E-02 6.4542E-01 3.0736E-02 2.8768E-02 1.8533E-03  1.0000E+00 1.0000E+00 2.4445E-04     1
1.7100E-02 6.4925E-01 2.8783E-02 2.6876E-02 1.8016E-03  1.0000E+00 1.0000E+00 2.3678E-04     1
1.7100E-02 6.5309E-01 2.7060E-02 2.5211E-02 1.7507E-03  1.0000E+00 1.0000E+00 2.2936E-04     1
1.7100E-02 6.5692E-01 2.5546E-02 2.3753E-02 1.7009E-03  1.0000E+00 1.0000E+00 2.2221E-04     1
1.7100E-02 6.6076E-01 2.4224E-02 2.2485E-02 1.6523E-03  1.0000E+00 1.0000E+00 2.1534E-04     1
1.7100E-02 6.6460E-01 2.3073E-02 2.1387E-02 1.6049E-03  1.0000E+00 1.0000E+00 2.0874E-04     1
1.7100E-02 6.6843E-01 2.2074E-02 2.0437E-02 1.5588E-03  1.0000E+00 1.0000E+00 2.0241E-04     1
1.7100E-02 6.7227E-01 2.1211E-02 1.9622E-02 1.5141E-03  1.0000E+00 1.0000E+00 1.9634E-04     1
1.7100E-02 6.7610E-01 2.0462E-02 1.8919E-02 1.4708E-03  1.0000E+00 1.0000E+00 1.9053E-04     1
1.7100E-02 6.7994E-01 1.9808E-02 1.8309E-02 1.4288E-03  1.0000E+00 1.0000E+00 1.8496E-04     1
