 DDSCAT --- DDSCAT 7.1.0 [10.03.03]   
 TARGET --- Cyl.prism, NAT=   2640 NFAC=  80 NLAY=  33 asp.ratio= 3.2697      
 GPFAFT --- method of solution 
 GKDLDR --- prescription for polarizabilities
 CYLINDER1 --- shape 
   2640 = NAT0 = number of dipoles
 ../diel/Au_rod_in_water                                     
   0.000   0.000 = beta_min, beta_max ;  NBETA = 1
   0.000   0.000 = theta_min, theta_max; NTHETA= 1
   0.000   0.000 = phi_min, phi_max   ;   NPHI = 1
 Results averaged over    1 target orientations
                   and  1 incident polarizations
   aeff       wave      Q_pha
1.7100E-02 2.9635E-01  4.4735E-01
1.7100E-02 3.0019E-01  4.4366E-01
1.7100E-02 3.0402E-01  4.3970E-01
1.7100E-02 3.0786E-01  4.3534E-01
1.7100E-02 3.1169E-01  4.3051E-01
1.7100E-02 3.1553E-01  4.2533E-01
1.7100E-02 3.1937E-01  4.1993E-01
1.7100E-02 3.2320E-01  4.1437E-01
1.7100E-02 3.2704E-01  4.0860E-01
1.7100E-02 3.3087E-01  4.0243E-01
1.7100E-02 3.3471E-01  3.9569E-01
1.7100E-02 3.3854E-01  3.8825E-01
1.7100E-02 3.4238E-01  3.8026E-01
1.7100E-02 3.4622E-01  3.7198E-01
1.7100E-02 3.5005E-01  3.6367E-01
1.7100E-02 3.5389E-01  3.5553E-01
1.7100E-02 3.5772E-01  3.4827E-01
1.7100E-02 3.6156E-01  3.4298E-01
1.7100E-02 3.6540E-01  3.4112E-01
1.7100E-02 3.6923E-01  3.4473E-01
1.7100E-02 3.7307E-01  3.5639E-01
1.7100E-02 3.7690E-01  3.7773E-01
1.7100E-02 3.8074E-01  4.0891E-01
1.7100E-02 3.8458E-01  4.4794E-01
1.7100E-02 3.8841E-01  4.9053E-01
1.7100E-02 3.9225E-01  5.3074E-01
1.7100E-02 3.9608E-01  5.6562E-01
1.7100E-02 3.9992E-01  5.9540E-01
1.7100E-02 4.0376E-01  6.2157E-01
1.7100E-02 4.0759E-01  6.4534E-01
1.7100E-02 4.1143E-01  6.6787E-01
1.7100E-02 4.1526E-01  6.8947E-01
1.7100E-02 4.1910E-01  7.0930E-01
1.7100E-02 4.2293E-01  7.2617E-01
1.7100E-02 4.2677E-01  7.3859E-01
1.7100E-02 4.3061E-01  7.4506E-01
1.7100E-02 4.3444E-01  7.4457E-01
1.7100E-02 4.3828E-01  7.3699E-01
1.7100E-02 4.4211E-01  7.2346E-01
1.7100E-02 4.4595E-01  7.0600E-01
1.7100E-02 4.4979E-01  6.8653E-01
1.7100E-02 4.5362E-01  6.6652E-01
1.7100E-02 4.5746E-01  6.4699E-01
1.7100E-02 4.6129E-01  6.2862E-01
1.7100E-02 4.6513E-01  6.1187E-01
1.7100E-02 4.6897E-01  5.9707E-01
1.7100E-02 4.7280E-01  5.8434E-01
1.7100E-02 4.7664E-01  5.7348E-01
1.7100E-02 4.8047E-01  5.6386E-01
1.7100E-02 4.8431E-01  5.5451E-01
1.7100E-02 4.8814E-01  5.4479E-01
1.7100E-02 4.9198E-01  5.3464E-01
1.7100E-02 4.9582E-01  5.2426E-01
1.7100E-02 4.9965E-01  5.1402E-01
1.7100E-02 5.0349E-01  5.0418E-01
1.7100E-02 5.0732E-01  4.9487E-01
1.7100E-02 5.1116E-01  4.8610E-01
1.7100E-02 5.1500E-01  4.7768E-01
1.7100E-02 5.1883E-01  4.6950E-01
1.7100E-02 5.2267E-01  4.6156E-01
1.7100E-02 5.2650E-01  4.5400E-01
1.7100E-02 5.3034E-01  4.4694E-01
1.7100E-02 5.3418E-01  4.4042E-01
1.7100E-02 5.3801E-01  4.3429E-01
1.7100E-02 5.4185E-01  4.2828E-01
1.7100E-02 5.4568E-01  4.2219E-01
1.7100E-02 5.4952E-01  4.1603E-01
1.7100E-02 5.5336E-01  4.0993E-01
1.7100E-02 5.5719E-01  4.0405E-01
1.7100E-02 5.6103E-01  3.9862E-01
1.7100E-02 5.6486E-01  3.9384E-01
1.7100E-02 5.6870E-01  3.8993E-01
1.7100E-02 5.7253E-01  3.8701E-01
1.7100E-02 5.7637E-01  3.8497E-01
1.7100E-02 5.8021E-01  3.8344E-01
1.7100E-02 5.8404E-01  3.8186E-01
1.7100E-02 5.8788E-01  3.7980E-01
1.7100E-02 5.9171E-01  3.7714E-01
1.7100E-02 5.9555E-01  3.7398E-01
1.7100E-02 5.9939E-01  3.7053E-01
1.7100E-02 6.0322E-01  3.6702E-01
1.7100E-02 6.0706E-01  3.6361E-01
1.7100E-02 6.1089E-01  3.6036E-01
1.7100E-02 6.1473E-01  3.5728E-01
1.7100E-02 6.1857E-01  3.5433E-01
1.7100E-02 6.2240E-01  3.5142E-01
1.7100E-02 6.2624E-01  3.4847E-01
1.7100E-02 6.3007E-01  3.4545E-01
1.7100E-02 6.3391E-01  3.4234E-01
1.7100E-02 6.3775E-01  3.3913E-01
1.7100E-02 6.4158E-01  3.3587E-01
1.7100E-02 6.4542E-01  3.3259E-01
1.7100E-02 6.4925E-01  3.2931E-01
1.7100E-02 6.5309E-01  3.2605E-01
1.7100E-02 6.5692E-01  3.2284E-01
1.7100E-02 6.6076E-01  3.1969E-01
1.7100E-02 6.6460E-01  3.1659E-01
1.7100E-02 6.6843E-01  3.1357E-01
1.7100E-02 6.7227E-01  3.1062E-01
1.7100E-02 6.7610E-01  3.0774E-01
1.7100E-02 6.7994E-01  3.0493E-01
