 ** Au L=66nm d=20nm rod water
1 2 3 0 0 = columns for wave, Re(n), Im(n), eps1, eps2
wave(um) Re(n)  	Im(n)    		eps1  	 eps2
0.4		1.49236	1.95365
0.405	1.49007	1.95626
0.41	1.48661	1.95779
0.415	1.48473	1.95781
0.42	1.4849	1.95615
0.425	1.48418	1.95298
0.43	1.47936	1.94851
0.435	1.46797	1.9429
0.44	1.45168	1.93589
0.445	1.43355	1.92709
0.45	1.4166	1.91612
0.455	1.40325	1.90271
0.46	1.39152	1.88734
0.465	1.37767	1.87077
0.47	1.35795	1.85381
0.475	1.32887	1.83735
0.48	1.28924	1.82365
0.485	1.23917	1.8157
0.49	1.17875	1.8165
0.495	1.10802	1.82908
0.5		1.02745	1.85591
0.505	0.94081	1.89593
0.51	0.85333	1.94648
0.515	0.77033	2.00491
0.52	0.69722	2.06858
0.525	0.63871	2.135
0.53	0.5941	2.20287
0.535	0.56026	2.27141
0.54	0.53402	2.33982
0.545	0.51219	2.40732
0.55	0.49157	2.47312
0.555	0.4702	2.53686
0.56	0.44838	2.59888
0.565	0.42662	2.65959
0.57	0.40546	2.71942
0.575	0.38542	2.77879
0.58	0.36704	2.83812
0.585	0.35081	2.8978
0.59	0.33676	2.95782
0.595	0.32452	3.01787
0.6		0.31372	3.0776
0.605	0.30399	3.13668
0.61	0.29495	3.19476
0.615	0.28621	3.2515
0.62	0.27743	3.3066
0.625	0.26856	3.36002
0.63	0.25976	3.41193
0.635	0.25122	3.46251
0.64	0.2431	3.51194
0.645	0.23559	3.56039
0.65	0.22885	3.60805
0.655	0.22308	3.65509
0.66	0.21843	3.70169
0.665	0.21503	3.74798
0.67	0.21276	3.79398
0.675	0.21148	3.8397
0.68	0.21105	3.88512
0.685	0.21132	3.93024
0.69	0.21216	3.97507
0.695	0.21341	4.01959
0.7		0.21494	4.06381
0.705	0.2166	4.10772
0.71	0.21829	4.15132
0.715	0.21999	4.19464
0.72	0.22173	4.23769
0.725	0.2235	4.2805
0.73	0.22534	4.32309
0.735	0.22724	4.36549
0.74	0.22923	4.40772
0.745	0.23131	4.44979
0.75	0.2335	4.49174
0.755	0.2358	4.53358
0.76	0.23824	4.57535
0.765	0.24079	4.61704
0.77	0.24343	4.65867
0.775	0.24614	4.70026
0.78	0.24889	4.7418
0.785	0.25166	4.78331
0.79	0.25442	4.82481
0.795	0.25715	4.86629
0.8		0.25982	4.90778
0.805	0.26241	4.94927
0.81	0.2649	4.99078
0.815	0.26725	5.03232
0.82	0.26946	5.0739
0.825	0.27148	5.11552
0.83	0.27335	5.15717
0.835	0.27508	5.19882
0.84	0.27673	5.24042
0.845	0.27831	5.28196
0.85	0.27985	5.32339
0.855	0.2814	5.3647
0.86	0.28298	5.40584
0.865	0.28463	5.44678
0.87	0.28638	5.4875
0.875	0.28825	5.52796
0.88	0.29029	5.56813
0.885	0.29252	5.60798
0.89	0.29498	5.64747
0.895	0.2977	5.68658
0.9		0.30067	5.72531